( -6.22 -0.29 )


[( -4.42 -2.91 ), ( -6.22 -0.29 ), ( -6.36 -2.85 )]
[( -4.42 -2.91 ), ( -6.36 -2.85 ), ( -4.22 -5.17 )]
[( -4.22 -5.17 ), ( -6.14 -6.23 ), ( -4.26 -7.75 )]
[( -4.22 -5.17 ), ( -4.26 -7.75 ), ( -1.2 -3.61 )]
[( -1.2 -3.61 ), ( -0.12 -7.71 ), ( 3.8 -3.77 )]
[( -2.66 0.41 ), ( 5.32 2.41 ), ( -1.42 3.43 )]
[( -2.66 0.41 ), ( -1.42 3.43 ), ( -4.66 -1.03 )]
[( -2.66 0.41 ), ( -4.66 -1.03 ), ( -1.14 -1.97 )]
[( -1.14 -1.97 ), ( -4.42 -2.91 ), ( -4.22 -5.17 )]
[( -1.14 -1.97 ), ( -4.22 -5.17 ), ( -1.2 -3.61 )]
[( 3.8 -3.77 ), ( -2.66 0.41 ), ( -1.14 -1.97 )]
[( -1.14 -1.97 ), ( -1.2 -3.61 ), ( 3.8 -3.77 )]
s =  ( -6.22 -0.29 )   d =  ( -6.36 -2.85 ) ( -4.42 -2.91 )


DIAGONAL =  ( -4.42 -2.91 ) ( -6.36 -2.85 ) ::::: vertice oposto =  ( -4.22 -5.17 )
FUNIL:  [( -4.42 -2.91 ), ( -6.22 -0.29 ), ( -6.36 -2.85 )] apice =  ( -6.22 -0.29 )
1  v =  ( -6.22 -0.29 )


DIAGONAL =  ( -4.42 -2.91 ) ( -4.22 -5.17 ) ::::: vertice oposto =  ( -1.14 -1.97 )
FUNIL:  [( -4.42 -2.91 ), ( -6.22 -0.29 ), ( -4.22 -5.17 )] apice =  ( -6.22 -0.29 )
2  v =  ( -4.42 -2.91 )


DIAGONAL =  ( -1.14 -1.97 ) ( -4.22 -5.17 ) ::::: vertice oposto =  ( -1.2 -3.61 )
FUNIL:  [( -1.14 -1.97 ), ( -4.42 -2.91 ), ( -6.22 -0.29 ), ( -4.22 -5.17 )] apice =  ( -6.22 -0.29 )
2  v =  ( -4.42 -2.91 )


DIAGONAL =  ( -1.14 -1.97 ) ( -1.2 -3.61 ) ::::: vertice oposto =  ( 3.8 -3.77 )
FUNIL:  [( -1.14 -1.97 ), ( -4.42 -2.91 ), ( -1.2 -3.61 )] apice =  ( -4.42 -2.91 )
1  v =  ( -4.42 -2.91 )


DIAGONAL =  ( -1.14 -1.97 ) ( 3.8 -3.77 ) ::::: vertice oposto =  ( -2.66 0.41 )
FUNIL:  [( -1.14 -1.97 ), ( -4.42 -2.91 ), ( 3.8 -3.77 )] apice =  ( -4.42 -2.91 )
2  v =  ( -1.14 -1.97 )




DIAGONAL =  ( -1.14 -1.97 ) ( -2.66 0.41 ) ::::: vertice oposto =  ( -4.66 -1.03 )
FUNIL:  [( -1.14 -1.97 ), ( -2.66 0.41 )] apice =  ( -1.14 -1.97 )
BBBBBB


DIAGONAL =  ( -4.66 -1.03 ) ( -2.66 0.41 ) ::::: vertice oposto =  ( -1.42 3.43 )
FUNIL:  [( -4.66 -1.03 ), ( -1.14 -1.97 ), ( -2.66 0.41 )] apice =  ( -1.14 -1.97 )
3  v =  ( -2.66 0.41 )




DIAGONAL =  ( -1.42 3.43 ) ( -2.66 0.41 ) ::::: vertice oposto =  ( 5.32 2.41 )
FUNIL:  [( -1.42 3.43 ), ( -2.66 0.41 )] apice =  ( -2.66 0.41 )
AAAAAAAA








DIAGONAL =  ( 3.8 -3.77 ) ( -1.2 -3.61 ) ::::: vertice oposto =  ( -0.12 -7.71 )
FUNIL:  [( 3.8 -3.77 ), ( -4.42 -2.91 ), ( -1.2 -3.61 )] apice =  ( -4.42 -2.91 )
3  v =  ( -1.2 -3.61 )






DIAGONAL =  ( -1.2 -3.61 ) ( -4.22 -5.17 ) ::::: vertice oposto =  ( -4.26 -7.75 )
FUNIL:  [( -1.2 -3.61 ), ( -4.42 -2.91 ), ( -6.22 -0.29 ), ( -4.22 -5.17 )] apice =  ( -6.22 -0.29 )
3  v =  ( -4.22 -5.17 )




DIAGONAL =  ( -4.26 -7.75 ) ( -4.22 -5.17 ) ::::: vertice oposto =  ( -6.14 -6.23 )
FUNIL:  [( -4.26 -7.75 ), ( -4.22 -5.17 )] apice =  ( -4.22 -5.17 )
AAAAAAAA








FACE ORIGINAL:
[( -6.36 -2.85 ), ( -4.22 -5.17 ), ( -6.14 -6.23 ), ( -4.26 -7.75 ), ( -1.2 -3.61 ), ( -0.12 -7.71 ), ( 3.8 -3.77 ), ( -2.66 0.41 ), ( 5.32 2.41 ), ( -1.42 3.43 ), ( -4.66 -1.03 ), ( -1.14 -1.97 ), ( -4.42 -2.91 ), ( -6.22 -0.29 )]

##################################################
a  ( -6.22 -0.29 )  b  ( -6.36 -2.85 )
[( -6.22 -0.29 ), ( -6.36 -2.85 )]

##################################################
a  ( -6.36 -2.85 )  b  ( -4.22 -5.17 )
[( -6.36 -2.85 ), ( -6.22 -0.29 ), ( -4.22 -5.17 )]

-4.22 -5.17
Inseri4  ( -6.22 -0.29 ) ( -4.22 -5.17 )
faces antes: 
[( -6.36 -2.85 ), ( -4.22 -5.17 ), ( -6.14 -6.23 ), ( -4.26 -7.75 ), ( -1.2 -3.61 ), ( -0.12 -7.71 ), ( 3.8 -3.77 ), ( -2.66 0.41 ), ( 5.32 2.41 ), ( -1.42 3.43 ), ( -4.66 -1.03 ), ( -1.14 -1.97 ), ( -4.42 -2.91 ), ( -6.22 -0.29 )]

faces depois: 
[( -4.22 -5.17 ), ( -6.14 -6.23 ), ( -4.26 -7.75 ), ( -1.2 -3.61 ), ( -0.12 -7.71 ), ( 3.8 -3.77 ), ( -2.66 0.41 ), ( 5.32 2.41 ), ( -1.42 3.43 ), ( -4.66 -1.03 ), ( -1.14 -1.97 ), ( -4.42 -2.91 ), ( -6.22 -0.29 )]
[( -6.22 -0.29 ), ( -6.36 -2.85 ), ( -4.22 -5.17 )]

##################################################
##################################################
a  ( -4.22 -5.17 )  b  ( -6.14 -6.23 )
[( -4.22 -5.17 ), ( -6.14 -6.23 )]

##################################################
a  ( -6.14 -6.23 )  b  ( -4.26 -7.75 )
[( -6.14 -6.23 ), ( -4.22 -5.17 ), ( -4.26 -7.75 )]

-4.26 -7.75
Inseri4  ( -4.22 -5.17 ) ( -4.26 -7.75 )
faces antes: 
[( -4.22 -5.17 ), ( -6.14 -6.23 ), ( -4.26 -7.75 ), ( -1.2 -3.61 ), ( -0.12 -7.71 ), ( 3.8 -3.77 ), ( -2.66 0.41 ), ( 5.32 2.41 ), ( -1.42 3.43 ), ( -4.66 -1.03 ), ( -1.14 -1.97 ), ( -4.42 -2.91 ), ( -6.22 -0.29 )]
[( -6.22 -0.29 ), ( -6.36 -2.85 ), ( -4.22 -5.17 )]

faces depois: 
[( -6.22 -0.29 ), ( -6.36 -2.85 ), ( -4.22 -5.17 )]
[( -4.26 -7.75 ), ( -1.2 -3.61 ), ( -0.12 -7.71 ), ( 3.8 -3.77 ), ( -2.66 0.41 ), ( 5.32 2.41 ), ( -1.42 3.43 ), ( -4.66 -1.03 ), ( -1.14 -1.97 ), ( -4.42 -2.91 ), ( -6.22 -0.29 ), ( -4.22 -5.17 )]
[( -4.22 -5.17 ), ( -6.14 -6.23 ), ( -4.26 -7.75 )]

##################################################
##################################################
a  ( -4.26 -7.75 )  b  ( -1.2 -3.61 )
[( -4.26 -7.75 ), ( -4.22 -5.17 ), ( -6.22 -0.29 ), ( -4.42 -2.91 ), ( -1.2 -3.61 )]

-3.554057071960298 -6.794900744416874


e =  ( -4.26 -7.75 ) ( -1.2 -3.61 )  x =  ( -3.554057071960298 -6.794900744416874 )
e1 =  ( -4.22 -5.17 ) ( -4.26 -7.75 )
e2 =  ( -1.2 -3.61 ) ( -0.12 -7.71 )
e3 =  ( -0.12 -7.71 ) ( -1.2 -3.61 )
e4 =  ( -4.26 -7.75 ) ( -6.14 -6.23 )


Inseri1  ( -4.22 -5.17 ) ( -3.554057071960298 -6.794900744416874 )
faces antes: 
[( -6.22 -0.29 ), ( -6.36 -2.85 ), ( -4.22 -5.17 )]
[( -4.22 -5.17 ), ( -6.14 -6.23 ), ( -4.26 -7.75 )]
[( -4.26 -7.75 ), ( -3.554057071960298 -6.794900744416874 ), ( -1.2 -3.61 ), ( -0.12 -7.71 ), ( 3.8 -3.77 ), ( -2.66 0.41 ), ( 5.32 2.41 ), ( -1.42 3.43 ), ( -4.66 -1.03 ), ( -1.14 -1.97 ), ( -4.42 -2.91 ), ( -6.22 -0.29 ), ( -4.22 -5.17 )]

faces depois: 
[( -6.22 -0.29 ), ( -6.36 -2.85 ), ( -4.22 -5.17 )]
[( -4.22 -5.17 ), ( -6.14 -6.23 ), ( -4.26 -7.75 )]
[( -3.554057071960298 -6.794900744416874 ), ( -1.2 -3.61 ), ( -0.12 -7.71 ), ( 3.8 -3.77 ), ( -2.66 0.41 ), ( 5.32 2.41 ), ( -1.42 3.43 ), ( -4.66 -1.03 ), ( -1.14 -1.97 ), ( -4.42 -2.91 ), ( -6.22 -0.29 ), ( -4.22 -5.17 )]
[( -4.22 -5.17 ), ( -4.26 -7.75 ), ( -3.554057071960298 -6.794900744416874 )]

-2.6195811030951823 -5.530609727717011


e =  ( -3.554057071960298 -6.794900744416874 ) ( -1.2 -3.61 )  x =  ( -2.6195811030951823 -5.530609727717011 )
e1 =  ( -4.22 -5.17 ) ( -3.554057071960298 -6.794900744416874 )
e2 =  ( -1.2 -3.61 ) ( -0.12 -7.71 )
e3 =  ( -0.12 -7.71 ) ( -1.2 -3.61 )
e4 =  ( -3.554057071960298 -6.794900744416874 ) ( -4.26 -7.75 )


Inseri2  ( -4.42 -2.91 ) ( -2.6195811030951823 -5.530609727717011 )
faces antes: 
[( -6.22 -0.29 ), ( -6.36 -2.85 ), ( -4.22 -5.17 )]
[( -4.22 -5.17 ), ( -6.14 -6.23 ), ( -4.26 -7.75 )]
[( -4.22 -5.17 ), ( -4.26 -7.75 ), ( -3.554057071960298 -6.794900744416874 )]
[( -3.554057071960298 -6.794900744416874 ), ( -2.6195811030951823 -5.530609727717011 ), ( -1.2 -3.61 ), ( -0.12 -7.71 ), ( 3.8 -3.77 ), ( -2.66 0.41 ), ( 5.32 2.41 ), ( -1.42 3.43 ), ( -4.66 -1.03 ), ( -1.14 -1.97 ), ( -4.42 -2.91 ), ( -6.22 -0.29 ), ( -4.22 -5.17 )]

faces depois: 
[( -6.22 -0.29 ), ( -6.36 -2.85 ), ( -4.22 -5.17 )]
[( -4.22 -5.17 ), ( -6.14 -6.23 ), ( -4.26 -7.75 )]
[( -4.22 -5.17 ), ( -4.26 -7.75 ), ( -3.554057071960298 -6.794900744416874 )]
[( -2.6195811030951823 -5.530609727717011 ), ( -1.2 -3.61 ), ( -0.12 -7.71 ), ( 3.8 -3.77 ), ( -2.66 0.41 ), ( 5.32 2.41 ), ( -1.42 3.43 ), ( -4.66 -1.03 ), ( -1.14 -1.97 ), ( -4.42 -2.91 )]
[( -4.42 -2.91 ), ( -6.22 -0.29 ), ( -4.22 -5.17 ), ( -3.554057071960298 -6.794900744416874 ), ( -2.6195811030951823 -5.530609727717011 )]

-1.2 -3.61
Inseri4  ( -4.42 -2.91 ) ( -1.2 -3.61 )
faces antes: 
[( -6.22 -0.29 ), ( -6.36 -2.85 ), ( -4.22 -5.17 )]
[( -4.22 -5.17 ), ( -6.14 -6.23 ), ( -4.26 -7.75 )]
[( -4.22 -5.17 ), ( -4.26 -7.75 ), ( -3.554057071960298 -6.794900744416874 )]
[( -2.6195811030951823 -5.530609727717011 ), ( -1.2 -3.61 ), ( -0.12 -7.71 ), ( 3.8 -3.77 ), ( -2.66 0.41 ), ( 5.32 2.41 ), ( -1.42 3.43 ), ( -4.66 -1.03 ), ( -1.14 -1.97 ), ( -4.42 -2.91 )]
[( -4.42 -2.91 ), ( -6.22 -0.29 ), ( -4.22 -5.17 ), ( -3.554057071960298 -6.794900744416874 ), ( -2.6195811030951823 -5.530609727717011 )]

faces depois: 
[( -6.22 -0.29 ), ( -6.36 -2.85 ), ( -4.22 -5.17 )]
[( -4.22 -5.17 ), ( -6.14 -6.23 ), ( -4.26 -7.75 )]
[( -4.22 -5.17 ), ( -4.26 -7.75 ), ( -3.554057071960298 -6.794900744416874 )]
[( -4.42 -2.91 ), ( -6.22 -0.29 ), ( -4.22 -5.17 ), ( -3.554057071960298 -6.794900744416874 ), ( -2.6195811030951823 -5.530609727717011 )]
[( -1.2 -3.61 ), ( -0.12 -7.71 ), ( 3.8 -3.77 ), ( -2.66 0.41 ), ( 5.32 2.41 ), ( -1.42 3.43 ), ( -4.66 -1.03 ), ( -1.14 -1.97 ), ( -4.42 -2.91 )]
[( -4.42 -2.91 ), ( -2.6195811030951823 -5.530609727717011 ), ( -1.2 -3.61 )]

##################################################
##################################################
a  ( -1.2 -3.61 )  b  ( -0.12 -7.71 )
[( -1.2 -3.61 ), ( -0.12 -7.71 )]

##################################################
a  ( -0.12 -7.71 )  b  ( 3.8 -3.77 )
[( -0.12 -7.71 ), ( -1.2 -3.61 ), ( -4.42 -2.91 ), ( 3.8 -3.77 )]

3.041749228815098 -4.532119397568499


e =  ( -0.12 -7.71 ) ( 3.8 -3.77 )  x =  ( 3.041749228815098 -4.532119397568499 )
e1 =  ( -1.2 -3.61 ) ( -0.12 -7.71 )
e2 =  ( 3.8 -3.77 ) ( -2.66 0.41 )
e3 =  ( -2.66 0.41 ) ( 3.8 -3.77 )
e4 =  ( -0.12 -7.71 ) ( -1.2 -3.61 )


Inseri1  ( -1.2 -3.61 ) ( 3.041749228815098 -4.532119397568499 )
faces antes: 
[( -6.22 -0.29 ), ( -6.36 -2.85 ), ( -4.22 -5.17 )]
[( -4.22 -5.17 ), ( -6.14 -6.23 ), ( -4.26 -7.75 )]
[( -4.22 -5.17 ), ( -4.26 -7.75 ), ( -3.554057071960298 -6.794900744416874 )]
[( -4.42 -2.91 ), ( -6.22 -0.29 ), ( -4.22 -5.17 ), ( -3.554057071960298 -6.794900744416874 ), ( -2.6195811030951823 -5.530609727717011 )]
[( -4.42 -2.91 ), ( -2.6195811030951823 -5.530609727717011 ), ( -1.2 -3.61 )]
[( -0.12 -7.71 ), ( 3.041749228815098 -4.532119397568499 ), ( 3.8 -3.77 ), ( -2.66 0.41 ), ( 5.32 2.41 ), ( -1.42 3.43 ), ( -4.66 -1.03 ), ( -1.14 -1.97 ), ( -4.42 -2.91 ), ( -1.2 -3.61 )]

faces depois: 
[( -6.22 -0.29 ), ( -6.36 -2.85 ), ( -4.22 -5.17 )]
[( -4.22 -5.17 ), ( -6.14 -6.23 ), ( -4.26 -7.75 )]
[( -4.22 -5.17 ), ( -4.26 -7.75 ), ( -3.554057071960298 -6.794900744416874 )]
[( -4.42 -2.91 ), ( -6.22 -0.29 ), ( -4.22 -5.17 ), ( -3.554057071960298 -6.794900744416874 ), ( -2.6195811030951823 -5.530609727717011 )]
[( -4.42 -2.91 ), ( -2.6195811030951823 -5.530609727717011 ), ( -1.2 -3.61 )]
[( 3.041749228815098 -4.532119397568499 ), ( 3.8 -3.77 ), ( -2.66 0.41 ), ( 5.32 2.41 ), ( -1.42 3.43 ), ( -4.66 -1.03 ), ( -1.14 -1.97 ), ( -4.42 -2.91 ), ( -1.2 -3.61 )]
[( -1.2 -3.61 ), ( -0.12 -7.71 ), ( 3.041749228815098 -4.532119397568499 )]

3.8 -3.77
Inseri4  ( -4.42 -2.91 ) ( 3.8 -3.77 )
faces antes: 
[( -6.22 -0.29 ), ( -6.36 -2.85 ), ( -4.22 -5.17 )]
[( -4.22 -5.17 ), ( -6.14 -6.23 ), ( -4.26 -7.75 )]
[( -4.22 -5.17 ), ( -4.26 -7.75 ), ( -3.554057071960298 -6.794900744416874 )]
[( -4.42 -2.91 ), ( -6.22 -0.29 ), ( -4.22 -5.17 ), ( -3.554057071960298 -6.794900744416874 ), ( -2.6195811030951823 -5.530609727717011 )]
[( -4.42 -2.91 ), ( -2.6195811030951823 -5.530609727717011 ), ( -1.2 -3.61 )]
[( 3.041749228815098 -4.532119397568499 ), ( 3.8 -3.77 ), ( -2.66 0.41 ), ( 5.32 2.41 ), ( -1.42 3.43 ), ( -4.66 -1.03 ), ( -1.14 -1.97 ), ( -4.42 -2.91 ), ( -1.2 -3.61 )]
[( -1.2 -3.61 ), ( -0.12 -7.71 ), ( 3.041749228815098 -4.532119397568499 )]

faces depois: 
[( -6.22 -0.29 ), ( -6.36 -2.85 ), ( -4.22 -5.17 )]
[( -4.22 -5.17 ), ( -6.14 -6.23 ), ( -4.26 -7.75 )]
[( -4.22 -5.17 ), ( -4.26 -7.75 ), ( -3.554057071960298 -6.794900744416874 )]
[( -4.42 -2.91 ), ( -6.22 -0.29 ), ( -4.22 -5.17 ), ( -3.554057071960298 -6.794900744416874 ), ( -2.6195811030951823 -5.530609727717011 )]
[( -4.42 -2.91 ), ( -2.6195811030951823 -5.530609727717011 ), ( -1.2 -3.61 )]
[( -1.2 -3.61 ), ( -0.12 -7.71 ), ( 3.041749228815098 -4.532119397568499 )]
[( 3.8 -3.77 ), ( -2.66 0.41 ), ( 5.32 2.41 ), ( -1.42 3.43 ), ( -4.66 -1.03 ), ( -1.14 -1.97 ), ( -4.42 -2.91 )]
[( -4.42 -2.91 ), ( -1.2 -3.61 ), ( 3.041749228815098 -4.532119397568499 ), ( 3.8 -3.77 )]

##################################################
##################################################
a  ( 3.8 -3.77 )  b  ( -2.66 0.41 )
[( 3.8 -3.77 ), ( -4.42 -2.91 ), ( -1.14 -1.97 ), ( -2.66 0.41 )]

0.3557203227045713 -1.5413484441029581


e =  ( 3.8 -3.77 ) ( -2.66 0.41 )  x =  ( 0.3557203227045713 -1.5413484441029581 )
e1 =  ( -4.42 -2.91 ) ( 3.8 -3.77 )
e2 =  ( -2.66 0.41 ) ( 5.32 2.41 )
e3 =  ( 5.32 2.41 ) ( -2.66 0.41 )
e4 =  ( 3.8 -3.77 ) ( 3.041749228815098 -4.532119397568499 )


Inseri2  ( -1.14 -1.97 ) ( 0.3557203227045713 -1.5413484441029581 )
faces antes: 
[( -6.22 -0.29 ), ( -6.36 -2.85 ), ( -4.22 -5.17 )]
[( -4.22 -5.17 ), ( -6.14 -6.23 ), ( -4.26 -7.75 )]
[( -4.22 -5.17 ), ( -4.26 -7.75 ), ( -3.554057071960298 -6.794900744416874 )]
[( -4.42 -2.91 ), ( -6.22 -0.29 ), ( -4.22 -5.17 ), ( -3.554057071960298 -6.794900744416874 ), ( -2.6195811030951823 -5.530609727717011 )]
[( -4.42 -2.91 ), ( -2.6195811030951823 -5.530609727717011 ), ( -1.2 -3.61 )]
[( -1.2 -3.61 ), ( -0.12 -7.71 ), ( 3.041749228815098 -4.532119397568499 )]
[( -4.42 -2.91 ), ( -1.2 -3.61 ), ( 3.041749228815098 -4.532119397568499 ), ( 3.8 -3.77 )]
[( 3.8 -3.77 ), ( 0.3557203227045713 -1.5413484441029581 ), ( -2.66 0.41 ), ( 5.32 2.41 ), ( -1.42 3.43 ), ( -4.66 -1.03 ), ( -1.14 -1.97 ), ( -4.42 -2.91 )]

faces depois: 
[( -6.22 -0.29 ), ( -6.36 -2.85 ), ( -4.22 -5.17 )]
[( -4.22 -5.17 ), ( -6.14 -6.23 ), ( -4.26 -7.75 )]
[( -4.22 -5.17 ), ( -4.26 -7.75 ), ( -3.554057071960298 -6.794900744416874 )]
[( -4.42 -2.91 ), ( -6.22 -0.29 ), ( -4.22 -5.17 ), ( -3.554057071960298 -6.794900744416874 ), ( -2.6195811030951823 -5.530609727717011 )]
[( -4.42 -2.91 ), ( -2.6195811030951823 -5.530609727717011 ), ( -1.2 -3.61 )]
[( -1.2 -3.61 ), ( -0.12 -7.71 ), ( 3.041749228815098 -4.532119397568499 )]
[( -4.42 -2.91 ), ( -1.2 -3.61 ), ( 3.041749228815098 -4.532119397568499 ), ( 3.8 -3.77 )]
[( 0.3557203227045713 -1.5413484441029581 ), ( -2.66 0.41 ), ( 5.32 2.41 ), ( -1.42 3.43 ), ( -4.66 -1.03 ), ( -1.14 -1.97 )]
[( -1.14 -1.97 ), ( -4.42 -2.91 ), ( 3.8 -3.77 ), ( 0.3557203227045713 -1.5413484441029581 )]

-2.66 0.41
Inseri4  ( -1.14 -1.97 ) ( -2.66 0.41 )
faces antes: 
[( -6.22 -0.29 ), ( -6.36 -2.85 ), ( -4.22 -5.17 )]
[( -4.22 -5.17 ), ( -6.14 -6.23 ), ( -4.26 -7.75 )]
[( -4.22 -5.17 ), ( -4.26 -7.75 ), ( -3.554057071960298 -6.794900744416874 )]
[( -4.42 -2.91 ), ( -6.22 -0.29 ), ( -4.22 -5.17 ), ( -3.554057071960298 -6.794900744416874 ), ( -2.6195811030951823 -5.530609727717011 )]
[( -4.42 -2.91 ), ( -2.6195811030951823 -5.530609727717011 ), ( -1.2 -3.61 )]
[( -1.2 -3.61 ), ( -0.12 -7.71 ), ( 3.041749228815098 -4.532119397568499 )]
[( -4.42 -2.91 ), ( -1.2 -3.61 ), ( 3.041749228815098 -4.532119397568499 ), ( 3.8 -3.77 )]
[( 0.3557203227045713 -1.5413484441029581 ), ( -2.66 0.41 ), ( 5.32 2.41 ), ( -1.42 3.43 ), ( -4.66 -1.03 ), ( -1.14 -1.97 )]
[( -1.14 -1.97 ), ( -4.42 -2.91 ), ( 3.8 -3.77 ), ( 0.3557203227045713 -1.5413484441029581 )]

faces depois: 
[( -6.22 -0.29 ), ( -6.36 -2.85 ), ( -4.22 -5.17 )]
[( -4.22 -5.17 ), ( -6.14 -6.23 ), ( -4.26 -7.75 )]
[( -4.22 -5.17 ), ( -4.26 -7.75 ), ( -3.554057071960298 -6.794900744416874 )]
[( -4.42 -2.91 ), ( -6.22 -0.29 ), ( -4.22 -5.17 ), ( -3.554057071960298 -6.794900744416874 ), ( -2.6195811030951823 -5.530609727717011 )]
[( -4.42 -2.91 ), ( -2.6195811030951823 -5.530609727717011 ), ( -1.2 -3.61 )]
[( -1.2 -3.61 ), ( -0.12 -7.71 ), ( 3.041749228815098 -4.532119397568499 )]
[( -4.42 -2.91 ), ( -1.2 -3.61 ), ( 3.041749228815098 -4.532119397568499 ), ( 3.8 -3.77 )]
[( -1.14 -1.97 ), ( -4.42 -2.91 ), ( 3.8 -3.77 ), ( 0.3557203227045713 -1.5413484441029581 )]
[( -2.66 0.41 ), ( 5.32 2.41 ), ( -1.42 3.43 ), ( -4.66 -1.03 ), ( -1.14 -1.97 )]
[( -1.14 -1.97 ), ( 0.3557203227045713 -1.5413484441029581 ), ( -2.66 0.41 )]

##################################################
##################################################
a  ( -2.66 0.41 )  b  ( 5.32 2.41 )
[( -2.66 0.41 ), ( 5.32 2.41 )]

##################################################
a  ( 5.32 2.41 )  b  ( -1.42 3.43 )
[( 5.32 2.41 ), ( -2.66 0.41 ), ( -1.42 3.43 )]

-1.42 3.43
Inseri4  ( -2.66 0.41 ) ( -1.42 3.43 )
faces antes: 
[( -6.22 -0.29 ), ( -6.36 -2.85 ), ( -4.22 -5.17 )]
[( -4.22 -5.17 ), ( -6.14 -6.23 ), ( -4.26 -7.75 )]
[( -4.22 -5.17 ), ( -4.26 -7.75 ), ( -3.554057071960298 -6.794900744416874 )]
[( -4.42 -2.91 ), ( -6.22 -0.29 ), ( -4.22 -5.17 ), ( -3.554057071960298 -6.794900744416874 ), ( -2.6195811030951823 -5.530609727717011 )]
[( -4.42 -2.91 ), ( -2.6195811030951823 -5.530609727717011 ), ( -1.2 -3.61 )]
[( -1.2 -3.61 ), ( -0.12 -7.71 ), ( 3.041749228815098 -4.532119397568499 )]
[( -4.42 -2.91 ), ( -1.2 -3.61 ), ( 3.041749228815098 -4.532119397568499 ), ( 3.8 -3.77 )]
[( -1.14 -1.97 ), ( -4.42 -2.91 ), ( 3.8 -3.77 ), ( 0.3557203227045713 -1.5413484441029581 )]
[( -2.66 0.41 ), ( 5.32 2.41 ), ( -1.42 3.43 ), ( -4.66 -1.03 ), ( -1.14 -1.97 )]
[( -1.14 -1.97 ), ( 0.3557203227045713 -1.5413484441029581 ), ( -2.66 0.41 )]

faces depois: 
[( -6.22 -0.29 ), ( -6.36 -2.85 ), ( -4.22 -5.17 )]
[( -4.22 -5.17 ), ( -6.14 -6.23 ), ( -4.26 -7.75 )]
[( -4.22 -5.17 ), ( -4.26 -7.75 ), ( -3.554057071960298 -6.794900744416874 )]
[( -4.42 -2.91 ), ( -6.22 -0.29 ), ( -4.22 -5.17 ), ( -3.554057071960298 -6.794900744416874 ), ( -2.6195811030951823 -5.530609727717011 )]
[( -4.42 -2.91 ), ( -2.6195811030951823 -5.530609727717011 ), ( -1.2 -3.61 )]
[( -1.2 -3.61 ), ( -0.12 -7.71 ), ( 3.041749228815098 -4.532119397568499 )]
[( -4.42 -2.91 ), ( -1.2 -3.61 ), ( 3.041749228815098 -4.532119397568499 ), ( 3.8 -3.77 )]
[( -1.14 -1.97 ), ( -4.42 -2.91 ), ( 3.8 -3.77 ), ( 0.3557203227045713 -1.5413484441029581 )]
[( -1.14 -1.97 ), ( 0.3557203227045713 -1.5413484441029581 ), ( -2.66 0.41 )]
[( -1.42 3.43 ), ( -4.66 -1.03 ), ( -1.14 -1.97 ), ( -2.66 0.41 )]
[( -2.66 0.41 ), ( 5.32 2.41 ), ( -1.42 3.43 )]

##################################################
##################################################
a  ( -1.42 3.43 )  b  ( -4.66 -1.03 )
[( -1.42 3.43 ), ( -2.66 0.41 ), ( -1.14 -1.97 ), ( -4.66 -1.03 )]

-3.1062739468889746 1.1087710484182631


e =  ( -1.42 3.43 ) ( -4.66 -1.03 )  x =  ( -3.1062739468889746 1.1087710484182631 )
e1 =  ( -2.66 0.41 ) ( -1.42 3.43 )
e2 =  ( -4.66 -1.03 ) ( -1.14 -1.97 )
e3 =  ( -1.14 -1.97 ) ( -4.66 -1.03 )
e4 =  ( -1.42 3.43 ) ( 5.32 2.41 )


Inseri1  ( -2.66 0.41 ) ( -3.1062739468889746 1.1087710484182631 )
faces antes: 
[( -6.22 -0.29 ), ( -6.36 -2.85 ), ( -4.22 -5.17 )]
[( -4.22 -5.17 ), ( -6.14 -6.23 ), ( -4.26 -7.75 )]
[( -4.22 -5.17 ), ( -4.26 -7.75 ), ( -3.554057071960298 -6.794900744416874 )]
[( -4.42 -2.91 ), ( -6.22 -0.29 ), ( -4.22 -5.17 ), ( -3.554057071960298 -6.794900744416874 ), ( -2.6195811030951823 -5.530609727717011 )]
[( -4.42 -2.91 ), ( -2.6195811030951823 -5.530609727717011 ), ( -1.2 -3.61 )]
[( -1.2 -3.61 ), ( -0.12 -7.71 ), ( 3.041749228815098 -4.532119397568499 )]
[( -4.42 -2.91 ), ( -1.2 -3.61 ), ( 3.041749228815098 -4.532119397568499 ), ( 3.8 -3.77 )]
[( -1.14 -1.97 ), ( -4.42 -2.91 ), ( 3.8 -3.77 ), ( 0.3557203227045713 -1.5413484441029581 )]
[( -1.14 -1.97 ), ( 0.3557203227045713 -1.5413484441029581 ), ( -2.66 0.41 )]
[( -2.66 0.41 ), ( 5.32 2.41 ), ( -1.42 3.43 )]
[( -1.42 3.43 ), ( -3.1062739468889746 1.1087710484182631 ), ( -4.66 -1.03 ), ( -1.14 -1.97 ), ( -2.66 0.41 )]

faces depois: 
[( -6.22 -0.29 ), ( -6.36 -2.85 ), ( -4.22 -5.17 )]
[( -4.22 -5.17 ), ( -6.14 -6.23 ), ( -4.26 -7.75 )]
[( -4.22 -5.17 ), ( -4.26 -7.75 ), ( -3.554057071960298 -6.794900744416874 )]
[( -4.42 -2.91 ), ( -6.22 -0.29 ), ( -4.22 -5.17 ), ( -3.554057071960298 -6.794900744416874 ), ( -2.6195811030951823 -5.530609727717011 )]
[( -4.42 -2.91 ), ( -2.6195811030951823 -5.530609727717011 ), ( -1.2 -3.61 )]
[( -1.2 -3.61 ), ( -0.12 -7.71 ), ( 3.041749228815098 -4.532119397568499 )]
[( -4.42 -2.91 ), ( -1.2 -3.61 ), ( 3.041749228815098 -4.532119397568499 ), ( 3.8 -3.77 )]
[( -1.14 -1.97 ), ( -4.42 -2.91 ), ( 3.8 -3.77 ), ( 0.3557203227045713 -1.5413484441029581 )]
[( -1.14 -1.97 ), ( 0.3557203227045713 -1.5413484441029581 ), ( -2.66 0.41 )]
[( -2.66 0.41 ), ( 5.32 2.41 ), ( -1.42 3.43 )]
[( -3.1062739468889746 1.1087710484182631 ), ( -4.66 -1.03 ), ( -1.14 -1.97 ), ( -2.66 0.41 )]
[( -2.66 0.41 ), ( -1.42 3.43 ), ( -3.1062739468889746 1.1087710484182631 )]

-4.66 -1.03
##################################################
##################################################
a  ( -4.66 -1.03 )  b  ( -1.14 -1.97 )
[( -4.66 -1.03 ), ( -1.14 -1.97 )]

##################################################
a  ( -1.14 -1.97 )  b  ( -4.42 -2.91 )
[( -1.14 -1.97 ), ( -4.42 -2.91 )]

##################################################
a  ( -4.42 -2.91 )  b  ( -6.22 -0.29 )
[( -4.42 -2.91 ), ( -6.22 -0.29 )]

face =  [( -6.22 -0.29 ), ( -6.36 -2.85 ), ( -4.22 -5.17 )]
face =  [( -4.22 -5.17 ), ( -6.14 -6.23 ), ( -4.26 -7.75 )]
face =  [( -4.22 -5.17 ), ( -4.26 -7.75 ), ( -3.554057071960298 -6.794900744416874 )]
face =  [( -4.42 -2.91 ), ( -6.22 -0.29 ), ( -4.22 -5.17 ), ( -3.554057071960298 -6.794900744416874 ), ( -2.6195811030951823 -5.530609727717011 )]
face =  [( -4.42 -2.91 ), ( -2.6195811030951823 -5.530609727717011 ), ( -1.2 -3.61 )]
face =  [( -1.2 -3.61 ), ( -0.12 -7.71 ), ( 3.041749228815098 -4.532119397568499 )]
face =  [( -4.42 -2.91 ), ( -1.2 -3.61 ), ( 3.041749228815098 -4.532119397568499 ), ( 3.8 -3.77 )]
face =  [( -1.14 -1.97 ), ( -4.42 -2.91 ), ( 3.8 -3.77 ), ( 0.3557203227045713 -1.5413484441029581 )]
face =  [( -1.14 -1.97 ), ( 0.3557203227045713 -1.5413484441029581 ), ( -2.66 0.41 )]
face =  [( -2.66 0.41 ), ( 5.32 2.41 ), ( -1.42 3.43 )]
face =  [( -3.1062739468889746 1.1087710484182631 ), ( -4.66 -1.03 ), ( -1.14 -1.97 ), ( -2.66 0.41 )]
face =  [( -2.66 0.41 ), ( -1.42 3.43 ), ( -3.1062739468889746 1.1087710484182631 )]
( 0.78 1.69 )


[( -0.2 -1.09 ), ( 0.78 1.69 ), ( -3.34 -0.97 )]
[( -0.2 -1.09 ), ( -3.34 -0.97 ), ( -1.86 -3.03 )]
[( -1.86 -3.03 ), ( -5.62 -6.31 ), ( 1.18 -4.05 )]
[( 1.18 -4.05 ), ( 0.0 -6.83 ), ( 7.38 -1.45 )]
[( -0.2 -1.09 ), ( -1.86 -3.03 ), ( 1.18 -4.05 )]
[( 1.18 -4.05 ), ( 7.38 -1.45 ), ( -0.2 -1.09 )]
s =  ( 0.78 1.69 )   d =  ( -3.34 -0.97 ) ( -0.2 -1.09 )


DIAGONAL =  ( -0.2 -1.09 ) ( -3.34 -0.97 ) ::::: vertice oposto =  ( -1.86 -3.03 )
FUNIL:  [( -0.2 -1.09 ), ( 0.78 1.69 ), ( -3.34 -0.97 )] apice =  ( 0.78 1.69 )
1  v =  ( 0.78 1.69 )


DIAGONAL =  ( -0.2 -1.09 ) ( -1.86 -3.03 ) ::::: vertice oposto =  ( 1.18 -4.05 )
FUNIL:  [( -0.2 -1.09 ), ( 0.78 1.69 ), ( -1.86 -3.03 )] apice =  ( 0.78 1.69 )
2  v =  ( -0.2 -1.09 )


DIAGONAL =  ( 1.18 -4.05 ) ( -1.86 -3.03 ) ::::: vertice oposto =  ( -5.62 -6.31 )
FUNIL:  [( 1.18 -4.05 ), ( -0.2 -1.09 ), ( 0.78 1.69 ), ( -1.86 -3.03 )] apice =  ( 0.78 1.69 )
3  v =  ( -1.86 -3.03 )






DIAGONAL =  ( -0.2 -1.09 ) ( 1.18 -4.05 ) ::::: vertice oposto =  ( 7.38 -1.45 )
FUNIL:  [( -0.2 -1.09 ), ( 1.18 -4.05 )] apice =  ( -0.2 -1.09 )
BBBBBB


DIAGONAL =  ( 7.38 -1.45 ) ( 1.18 -4.05 ) ::::: vertice oposto =  ( 0.0 -6.83 )
FUNIL:  [( 7.38 -1.45 ), ( -0.2 -1.09 ), ( 1.18 -4.05 )] apice =  ( -0.2 -1.09 )
3  v =  ( 1.18 -4.05 )








FACE ORIGINAL:
[( -3.34 -0.97 ), ( -1.86 -3.03 ), ( -5.62 -6.31 ), ( 1.18 -4.05 ), ( 0.0 -6.83 ), ( 7.38 -1.45 ), ( -0.2 -1.09 ), ( 0.78 1.69 )]

##################################################
a  ( 0.78 1.69 )  b  ( -3.34 -0.97 )
[( 0.78 1.69 ), ( -3.34 -0.97 )]

##################################################
a  ( -3.34 -0.97 )  b  ( -1.86 -3.03 )
[( -3.34 -0.97 ), ( 0.78 1.69 ), ( -1.86 -3.03 )]

-1.86 -3.03
Inseri4  ( 0.78 1.69 ) ( -1.86 -3.03 )
faces antes: 
[( -3.34 -0.97 ), ( -1.86 -3.03 ), ( -5.62 -6.31 ), ( 1.18 -4.05 ), ( 0.0 -6.83 ), ( 7.38 -1.45 ), ( -0.2 -1.09 ), ( 0.78 1.69 )]

faces depois: 
[( -1.86 -3.03 ), ( -5.62 -6.31 ), ( 1.18 -4.05 ), ( 0.0 -6.83 ), ( 7.38 -1.45 ), ( -0.2 -1.09 ), ( 0.78 1.69 )]
[( 0.78 1.69 ), ( -3.34 -0.97 ), ( -1.86 -3.03 )]

##################################################
##################################################
a  ( -1.86 -3.03 )  b  ( -5.62 -6.31 )
[( -1.86 -3.03 ), ( -5.62 -6.31 )]

##################################################
a  ( -5.62 -6.31 )  b  ( 1.18 -4.05 )
[( -5.62 -6.31 ), ( -1.86 -3.03 ), ( 0.78 1.69 ), ( -0.2 -1.09 ), ( 1.18 -4.05 )]

-3.2549274386136795 -5.523961178127487


e =  ( -5.62 -6.31 ) ( 1.18 -4.05 )  x =  ( -3.2549274386136795 -5.523961178127487 )
e1 =  ( -1.86 -3.03 ) ( -5.62 -6.31 )
e2 =  ( 1.18 -4.05 ) ( 0.0 -6.83 )
e3 =  ( 0.0 -6.83 ) ( 1.18 -4.05 )
e4 =  ( -5.62 -6.31 ) ( -1.86 -3.03 )


Inseri1  ( -1.86 -3.03 ) ( -3.2549274386136795 -5.523961178127487 )
faces antes: 
[( 0.78 1.69 ), ( -3.34 -0.97 ), ( -1.86 -3.03 )]
[( -5.62 -6.31 ), ( -3.2549274386136795 -5.523961178127487 ), ( 1.18 -4.05 ), ( 0.0 -6.83 ), ( 7.38 -1.45 ), ( -0.2 -1.09 ), ( 0.78 1.69 ), ( -1.86 -3.03 )]

faces depois: 
[( 0.78 1.69 ), ( -3.34 -0.97 ), ( -1.86 -3.03 )]
[( -3.2549274386136795 -5.523961178127487 ), ( 1.18 -4.05 ), ( 0.0 -6.83 ), ( 7.38 -1.45 ), ( -0.2 -1.09 ), ( 0.78 1.69 ), ( -1.86 -3.03 )]
[( -1.86 -3.03 ), ( -5.62 -6.31 ), ( -3.2549274386136795 -5.523961178127487 )]

-1.5650662704024156 -4.9623308486925675


e =  ( -3.2549274386136795 -5.523961178127487 ) ( 1.18 -4.05 )  x =  ( -1.5650662704024156 -4.9623308486925675 )
e1 =  ( -1.86 -3.03 ) ( -3.2549274386136795 -5.523961178127487 )
e2 =  ( 1.18 -4.05 ) ( 0.0 -6.83 )
e3 =  ( 0.0 -6.83 ) ( 1.18 -4.05 )
e4 =  ( -3.2549274386136795 -5.523961178127487 ) ( -5.62 -6.31 )


Inseri2  ( -0.2 -1.09 ) ( -1.5650662704024156 -4.9623308486925675 )
faces antes: 
[( 0.78 1.69 ), ( -3.34 -0.97 ), ( -1.86 -3.03 )]
[( -1.86 -3.03 ), ( -5.62 -6.31 ), ( -3.2549274386136795 -5.523961178127487 )]
[( -3.2549274386136795 -5.523961178127487 ), ( -1.5650662704024156 -4.9623308486925675 ), ( 1.18 -4.05 ), ( 0.0 -6.83 ), ( 7.38 -1.45 ), ( -0.2 -1.09 ), ( 0.78 1.69 ), ( -1.86 -3.03 )]

faces depois: 
[( 0.78 1.69 ), ( -3.34 -0.97 ), ( -1.86 -3.03 )]
[( -1.86 -3.03 ), ( -5.62 -6.31 ), ( -3.2549274386136795 -5.523961178127487 )]
[( -1.5650662704024156 -4.9623308486925675 ), ( 1.18 -4.05 ), ( 0.0 -6.83 ), ( 7.38 -1.45 ), ( -0.2 -1.09 )]
[( -0.2 -1.09 ), ( 0.78 1.69 ), ( -1.86 -3.03 ), ( -3.2549274386136795 -5.523961178127487 ), ( -1.5650662704024156 -4.9623308486925675 )]

1.18 -4.05
Inseri4  ( -0.2 -1.09 ) ( 1.18 -4.05 )
faces antes: 
[( 0.78 1.69 ), ( -3.34 -0.97 ), ( -1.86 -3.03 )]
[( -1.86 -3.03 ), ( -5.62 -6.31 ), ( -3.2549274386136795 -5.523961178127487 )]
[( -1.5650662704024156 -4.9623308486925675 ), ( 1.18 -4.05 ), ( 0.0 -6.83 ), ( 7.38 -1.45 ), ( -0.2 -1.09 )]
[( -0.2 -1.09 ), ( 0.78 1.69 ), ( -1.86 -3.03 ), ( -3.2549274386136795 -5.523961178127487 ), ( -1.5650662704024156 -4.9623308486925675 )]

faces depois: 
[( 0.78 1.69 ), ( -3.34 -0.97 ), ( -1.86 -3.03 )]
[( -1.86 -3.03 ), ( -5.62 -6.31 ), ( -3.2549274386136795 -5.523961178127487 )]
[( -0.2 -1.09 ), ( 0.78 1.69 ), ( -1.86 -3.03 ), ( -3.2549274386136795 -5.523961178127487 ), ( -1.5650662704024156 -4.9623308486925675 )]
[( 1.18 -4.05 ), ( 0.0 -6.83 ), ( 7.38 -1.45 ), ( -0.2 -1.09 )]
[( -0.2 -1.09 ), ( -1.5650662704024156 -4.9623308486925675 ), ( 1.18 -4.05 )]

##################################################
##################################################
a  ( 1.18 -4.05 )  b  ( 0.0 -6.83 )
[( 1.18 -4.05 ), ( 0.0 -6.83 )]

##################################################
a  ( 0.0 -6.83 )  b  ( 7.38 -1.45 )
[( 0.0 -6.83 ), ( 1.18 -4.05 ), ( -0.2 -1.09 ), ( 7.38 -1.45 )]

1.8480004919847484 -5.482812649474533


e =  ( 0.0 -6.83 ) ( 7.38 -1.45 )  x =  ( 1.8480004919847484 -5.482812649474533 )
e1 =  ( 1.18 -4.05 ) ( 0.0 -6.83 )
e2 =  ( 7.38 -1.45 ) ( -0.2 -1.09 )
e3 =  ( -0.2 -1.09 ) ( 7.38 -1.45 )
e4 =  ( 0.0 -6.83 ) ( 1.18 -4.05 )


Inseri1  ( 1.18 -4.05 ) ( 1.8480004919847484 -5.482812649474533 )
faces antes: 
[( 0.78 1.69 ), ( -3.34 -0.97 ), ( -1.86 -3.03 )]
[( -1.86 -3.03 ), ( -5.62 -6.31 ), ( -3.2549274386136795 -5.523961178127487 )]
[( -0.2 -1.09 ), ( 0.78 1.69 ), ( -1.86 -3.03 ), ( -3.2549274386136795 -5.523961178127487 ), ( -1.5650662704024156 -4.9623308486925675 )]
[( -0.2 -1.09 ), ( -1.5650662704024156 -4.9623308486925675 ), ( 1.18 -4.05 )]
[( 0.0 -6.83 ), ( 1.8480004919847484 -5.482812649474533 ), ( 7.38 -1.45 ), ( -0.2 -1.09 ), ( 1.18 -4.05 )]

faces depois: 
[( 0.78 1.69 ), ( -3.34 -0.97 ), ( -1.86 -3.03 )]
[( -1.86 -3.03 ), ( -5.62 -6.31 ), ( -3.2549274386136795 -5.523961178127487 )]
[( -0.2 -1.09 ), ( 0.78 1.69 ), ( -1.86 -3.03 ), ( -3.2549274386136795 -5.523961178127487 ), ( -1.5650662704024156 -4.9623308486925675 )]
[( -0.2 -1.09 ), ( -1.5650662704024156 -4.9623308486925675 ), ( 1.18 -4.05 )]
[( 1.8480004919847484 -5.482812649474533 ), ( 7.38 -1.45 ), ( -0.2 -1.09 ), ( 1.18 -4.05 )]
[( 1.18 -4.05 ), ( 0.0 -6.83 ), ( 1.8480004919847484 -5.482812649474533 )]

7.38 -1.45
##################################################
##################################################
a  ( 7.38 -1.45 )  b  ( -0.2 -1.09 )
[( 7.38 -1.45 ), ( -0.2 -1.09 )]

##################################################
a  ( -0.2 -1.09 )  b  ( 0.78 1.69 )
[( -0.2 -1.09 ), ( 0.78 1.69 )]

face =  [( 0.78 1.69 ), ( -3.34 -0.97 ), ( -1.86 -3.03 )]
face =  [( -1.86 -3.03 ), ( -5.62 -6.31 ), ( -3.2549274386136795 -5.523961178127487 )]
face =  [( -0.2 -1.09 ), ( 0.78 1.69 ), ( -1.86 -3.03 ), ( -3.2549274386136795 -5.523961178127487 ), ( -1.5650662704024156 -4.9623308486925675 )]
face =  [( -0.2 -1.09 ), ( -1.5650662704024156 -4.9623308486925675 ), ( 1.18 -4.05 )]
face =  [( 1.8480004919847484 -5.482812649474533 ), ( 7.38 -1.45 ), ( -0.2 -1.09 ), ( 1.18 -4.05 )]
face =  [( 1.18 -4.05 ), ( 0.0 -6.83 ), ( 1.8480004919847484 -5.482812649474533 )]
( 0.0 0.0 )


[( 10.0 1.0 ), ( 10.0 10.0 ), ( -1.0 10.0 )]
[( -1.0 10.0 ), ( 0.0 0.0 ), ( 10.0 1.0 )]
s =  ( 0.0 0.0 )   d =  ( 10.0 1.0 ) ( -1.0 10.0 )


DIAGONAL =  ( -1.0 10.0 ) ( 10.0 1.0 ) ::::: vertice oposto =  ( 10.0 10.0 )
FUNIL:  [( -1.0 10.0 ), ( 0.0 0.0 ), ( 10.0 1.0 )] apice =  ( 0.0 0.0 )
1  v =  ( 0.0 0.0 )




FACE ORIGINAL:
[( 10.0 1.0 ), ( 10.0 10.0 ), ( -1.0 10.0 ), ( 0.0 0.0 )]

##################################################
a  ( 0.0 0.0 )  b  ( 10.0 1.0 )
[( 0.0 0.0 ), ( 10.0 1.0 )]

##################################################
a  ( 10.0 1.0 )  b  ( 10.0 10.0 )
[( 10.0 1.0 ), ( 0.0 0.0 ), ( 10.0 10.0 )]

10.0 10.0
Inseri4  ( 0.0 0.0 ) ( 10.0 10.0 )
faces antes: 
[( 10.0 1.0 ), ( 10.0 10.0 ), ( -1.0 10.0 ), ( 0.0 0.0 )]

faces depois: 
[( 10.0 10.0 ), ( -1.0 10.0 ), ( 0.0 0.0 )]
[( 0.0 0.0 ), ( 10.0 1.0 ), ( 10.0 10.0 )]

##################################################
##################################################
a  ( 10.0 10.0 )  b  ( -1.0 10.0 )
[( 10.0 10.0 ), ( 0.0 0.0 ), ( -1.0 10.0 )]

-1.0 10.0
##################################################
##################################################
a  ( -1.0 10.0 )  b  ( 0.0 0.0 )
[( -1.0 10.0 ), ( 0.0 0.0 )]

face =  [( 10.0 10.0 ), ( -1.0 10.0 ), ( 0.0 0.0 )]
face =  [( 0.0 0.0 ), ( 10.0 1.0 ), ( 10.0 10.0 )]
( 0.78 1.69 )


[( -0.2 -1.09 ), ( 0.78 1.69 ), ( -3.34 -0.97 )]
[( -0.2 -1.09 ), ( -3.34 -0.97 ), ( -1.86 -3.03 )]
[( -1.86 -3.03 ), ( -5.62 -6.31 ), ( 1.18 -4.05 )]
[( 1.18 -4.05 ), ( 0.0 -6.83 ), ( 7.38 -1.45 )]
[( -0.2 -1.09 ), ( -1.86 -3.03 ), ( 1.18 -4.05 )]
[( 1.18 -4.05 ), ( 7.38 -1.45 ), ( -0.2 -1.09 )]
s =  ( 0.78 1.69 )   d =  ( -3.34 -0.97 ) ( -0.2 -1.09 )


DIAGONAL =  ( -0.2 -1.09 ) ( -3.34 -0.97 ) ::::: vertice oposto =  ( -1.86 -3.03 )
FUNIL:  [( -0.2 -1.09 ), ( 0.78 1.69 ), ( -3.34 -0.97 )] apice =  ( 0.78 1.69 )
1  v =  ( 0.78 1.69 )


DIAGONAL =  ( -0.2 -1.09 ) ( -1.86 -3.03 ) ::::: vertice oposto =  ( 1.18 -4.05 )
FUNIL:  [( -0.2 -1.09 ), ( 0.78 1.69 ), ( -1.86 -3.03 )] apice =  ( 0.78 1.69 )
2  v =  ( -0.2 -1.09 )


DIAGONAL =  ( 1.18 -4.05 ) ( -1.86 -3.03 ) ::::: vertice oposto =  ( -5.62 -6.31 )
FUNIL:  [( 1.18 -4.05 ), ( -0.2 -1.09 ), ( 0.78 1.69 ), ( -1.86 -3.03 )] apice =  ( 0.78 1.69 )
3  v =  ( -1.86 -3.03 )






DIAGONAL =  ( -0.2 -1.09 ) ( 1.18 -4.05 ) ::::: vertice oposto =  ( 7.38 -1.45 )
FUNIL:  [( -0.2 -1.09 ), ( 1.18 -4.05 )] apice =  ( -0.2 -1.09 )
BBBBBB


DIAGONAL =  ( 7.38 -1.45 ) ( 1.18 -4.05 ) ::::: vertice oposto =  ( 0.0 -6.83 )
FUNIL:  [( 7.38 -1.45 ), ( -0.2 -1.09 ), ( 1.18 -4.05 )] apice =  ( -0.2 -1.09 )
3  v =  ( 1.18 -4.05 )








FACE ORIGINAL:
[( -3.34 -0.97 ), ( -1.86 -3.03 ), ( -5.62 -6.31 ), ( 1.18 -4.05 ), ( 0.0 -6.83 ), ( 7.38 -1.45 ), ( -0.2 -1.09 ), ( 0.78 1.69 )]

##################################################
a  ( 0.78 1.69 )  b  ( -3.34 -0.97 )
[( 0.78 1.69 ), ( -3.34 -0.97 )]

##################################################
a  ( -3.34 -0.97 )  b  ( -1.86 -3.03 )
[( -3.34 -0.97 ), ( 0.78 1.69 ), ( -1.86 -3.03 )]

-1.86 -3.03
Inseri4  ( 0.78 1.69 ) ( -1.86 -3.03 )
faces antes: 
[( -3.34 -0.97 ), ( -1.86 -3.03 ), ( -5.62 -6.31 ), ( 1.18 -4.05 ), ( 0.0 -6.83 ), ( 7.38 -1.45 ), ( -0.2 -1.09 ), ( 0.78 1.69 )]

faces depois: 
[( -1.86 -3.03 ), ( -5.62 -6.31 ), ( 1.18 -4.05 ), ( 0.0 -6.83 ), ( 7.38 -1.45 ), ( -0.2 -1.09 ), ( 0.78 1.69 )]
[( 0.78 1.69 ), ( -3.34 -0.97 ), ( -1.86 -3.03 )]

##################################################
##################################################
a  ( -1.86 -3.03 )  b  ( -5.62 -6.31 )
[( -1.86 -3.03 ), ( -5.62 -6.31 )]

##################################################
a  ( -5.62 -6.31 )  b  ( 1.18 -4.05 )
[( -5.62 -6.31 ), ( -1.86 -3.03 ), ( 0.78 1.69 ), ( -0.2 -1.09 ), ( 1.18 -4.05 )]

-3.2549274386136795 -5.523961178127487


e =  ( -5.62 -6.31 ) ( 1.18 -4.05 )  x =  ( -3.2549274386136795 -5.523961178127487 )
e1 =  ( -1.86 -3.03 ) ( -5.62 -6.31 )
e2 =  ( 1.18 -4.05 ) ( 0.0 -6.83 )
e3 =  ( 0.0 -6.83 ) ( 1.18 -4.05 )
e4 =  ( -5.62 -6.31 ) ( -1.86 -3.03 )


Inseri1  ( -1.86 -3.03 ) ( -3.2549274386136795 -5.523961178127487 )
faces antes: 
[( 0.78 1.69 ), ( -3.34 -0.97 ), ( -1.86 -3.03 )]
[( -5.62 -6.31 ), ( -3.2549274386136795 -5.523961178127487 ), ( 1.18 -4.05 ), ( 0.0 -6.83 ), ( 7.38 -1.45 ), ( -0.2 -1.09 ), ( 0.78 1.69 ), ( -1.86 -3.03 )]

faces depois: 
[( 0.78 1.69 ), ( -3.34 -0.97 ), ( -1.86 -3.03 )]
[( -3.2549274386136795 -5.523961178127487 ), ( 1.18 -4.05 ), ( 0.0 -6.83 ), ( 7.38 -1.45 ), ( -0.2 -1.09 ), ( 0.78 1.69 ), ( -1.86 -3.03 )]
[( -1.86 -3.03 ), ( -5.62 -6.31 ), ( -3.2549274386136795 -5.523961178127487 )]

-1.5650662704024156 -4.9623308486925675


e =  ( -3.2549274386136795 -5.523961178127487 ) ( 1.18 -4.05 )  x =  ( -1.5650662704024156 -4.9623308486925675 )
e1 =  ( -1.86 -3.03 ) ( -3.2549274386136795 -5.523961178127487 )
e2 =  ( 1.18 -4.05 ) ( 0.0 -6.83 )
e3 =  ( 0.0 -6.83 ) ( 1.18 -4.05 )
e4 =  ( -3.2549274386136795 -5.523961178127487 ) ( -5.62 -6.31 )


Inseri2  ( -0.2 -1.09 ) ( -1.5650662704024156 -4.9623308486925675 )
faces antes: 
[( 0.78 1.69 ), ( -3.34 -0.97 ), ( -1.86 -3.03 )]
[( -1.86 -3.03 ), ( -5.62 -6.31 ), ( -3.2549274386136795 -5.523961178127487 )]
[( -3.2549274386136795 -5.523961178127487 ), ( -1.5650662704024156 -4.9623308486925675 ), ( 1.18 -4.05 ), ( 0.0 -6.83 ), ( 7.38 -1.45 ), ( -0.2 -1.09 ), ( 0.78 1.69 ), ( -1.86 -3.03 )]

faces depois: 
[( 0.78 1.69 ), ( -3.34 -0.97 ), ( -1.86 -3.03 )]
[( -1.86 -3.03 ), ( -5.62 -6.31 ), ( -3.2549274386136795 -5.523961178127487 )]
[( -1.5650662704024156 -4.9623308486925675 ), ( 1.18 -4.05 ), ( 0.0 -6.83 ), ( 7.38 -1.45 ), ( -0.2 -1.09 )]
[( -0.2 -1.09 ), ( 0.78 1.69 ), ( -1.86 -3.03 ), ( -3.2549274386136795 -5.523961178127487 ), ( -1.5650662704024156 -4.9623308486925675 )]

1.18 -4.05
Inseri4  ( -0.2 -1.09 ) ( 1.18 -4.05 )
faces antes: 
[( 0.78 1.69 ), ( -3.34 -0.97 ), ( -1.86 -3.03 )]
[( -1.86 -3.03 ), ( -5.62 -6.31 ), ( -3.2549274386136795 -5.523961178127487 )]
[( -1.5650662704024156 -4.9623308486925675 ), ( 1.18 -4.05 ), ( 0.0 -6.83 ), ( 7.38 -1.45 ), ( -0.2 -1.09 )]
[( -0.2 -1.09 ), ( 0.78 1.69 ), ( -1.86 -3.03 ), ( -3.2549274386136795 -5.523961178127487 ), ( -1.5650662704024156 -4.9623308486925675 )]

faces depois: 
[( 0.78 1.69 ), ( -3.34 -0.97 ), ( -1.86 -3.03 )]
[( -1.86 -3.03 ), ( -5.62 -6.31 ), ( -3.2549274386136795 -5.523961178127487 )]
[( -0.2 -1.09 ), ( 0.78 1.69 ), ( -1.86 -3.03 ), ( -3.2549274386136795 -5.523961178127487 ), ( -1.5650662704024156 -4.9623308486925675 )]
[( 1.18 -4.05 ), ( 0.0 -6.83 ), ( 7.38 -1.45 ), ( -0.2 -1.09 )]
[( -0.2 -1.09 ), ( -1.5650662704024156 -4.9623308486925675 ), ( 1.18 -4.05 )]

##################################################
##################################################
a  ( 1.18 -4.05 )  b  ( 0.0 -6.83 )
[( 1.18 -4.05 ), ( 0.0 -6.83 )]

##################################################
a  ( 0.0 -6.83 )  b  ( 7.38 -1.45 )
[( 0.0 -6.83 ), ( 1.18 -4.05 ), ( -0.2 -1.09 ), ( 7.38 -1.45 )]

1.8480004919847484 -5.482812649474533


e =  ( 0.0 -6.83 ) ( 7.38 -1.45 )  x =  ( 1.8480004919847484 -5.482812649474533 )
e1 =  ( 1.18 -4.05 ) ( 0.0 -6.83 )
e2 =  ( 7.38 -1.45 ) ( -0.2 -1.09 )
e3 =  ( -0.2 -1.09 ) ( 7.38 -1.45 )
e4 =  ( 0.0 -6.83 ) ( 1.18 -4.05 )


Inseri1  ( 1.18 -4.05 ) ( 1.8480004919847484 -5.482812649474533 )
faces antes: 
[( 0.78 1.69 ), ( -3.34 -0.97 ), ( -1.86 -3.03 )]
[( -1.86 -3.03 ), ( -5.62 -6.31 ), ( -3.2549274386136795 -5.523961178127487 )]
[( -0.2 -1.09 ), ( 0.78 1.69 ), ( -1.86 -3.03 ), ( -3.2549274386136795 -5.523961178127487 ), ( -1.5650662704024156 -4.9623308486925675 )]
[( -0.2 -1.09 ), ( -1.5650662704024156 -4.9623308486925675 ), ( 1.18 -4.05 )]
[( 0.0 -6.83 ), ( 1.8480004919847484 -5.482812649474533 ), ( 7.38 -1.45 ), ( -0.2 -1.09 ), ( 1.18 -4.05 )]

faces depois: 
[( 0.78 1.69 ), ( -3.34 -0.97 ), ( -1.86 -3.03 )]
[( -1.86 -3.03 ), ( -5.62 -6.31 ), ( -3.2549274386136795 -5.523961178127487 )]
[( -0.2 -1.09 ), ( 0.78 1.69 ), ( -1.86 -3.03 ), ( -3.2549274386136795 -5.523961178127487 ), ( -1.5650662704024156 -4.9623308486925675 )]
[( -0.2 -1.09 ), ( -1.5650662704024156 -4.9623308486925675 ), ( 1.18 -4.05 )]
[( 1.8480004919847484 -5.482812649474533 ), ( 7.38 -1.45 ), ( -0.2 -1.09 ), ( 1.18 -4.05 )]
[( 1.18 -4.05 ), ( 0.0 -6.83 ), ( 1.8480004919847484 -5.482812649474533 )]

7.38 -1.45
##################################################
##################################################
a  ( 7.38 -1.45 )  b  ( -0.2 -1.09 )
[( 7.38 -1.45 ), ( -0.2 -1.09 )]

##################################################
a  ( -0.2 -1.09 )  b  ( 0.78 1.69 )
[( -0.2 -1.09 ), ( 0.78 1.69 )]

face =  [( 0.78 1.69 ), ( -3.34 -0.97 ), ( -1.86 -3.03 )]
face =  [( -1.86 -3.03 ), ( -5.62 -6.31 ), ( -3.2549274386136795 -5.523961178127487 )]
face =  [( -0.2 -1.09 ), ( 0.78 1.69 ), ( -1.86 -3.03 ), ( -3.2549274386136795 -5.523961178127487 ), ( -1.5650662704024156 -4.9623308486925675 )]
face =  [( -0.2 -1.09 ), ( -1.5650662704024156 -4.9623308486925675 ), ( 1.18 -4.05 )]
face =  [( 1.8480004919847484 -5.482812649474533 ), ( 7.38 -1.45 ), ( -0.2 -1.09 ), ( 1.18 -4.05 )]
face =  [( 1.18 -4.05 ), ( 0.0 -6.83 ), ( 1.8480004919847484 -5.482812649474533 )]
( -12.74 -4.05 )


[( -12.6 0.33 ), ( -12.74 -4.05 ), ( -10.68 -0.65 )]
[( -10.68 -0.65 ), ( -10.3 -4.33 ), ( -7.06 -3.67 )]
[( -7.68 1.73 ), ( -4.64 -2.93 ), ( -1.98 3.37 )]
[( -7.68 1.73 ), ( -1.98 3.37 ), ( -9.08 3.53 )]
[( -7.68 1.73 ), ( -9.08 3.53 ), ( -8.96 0.21 )]
[( -8.96 0.21 ), ( -12.6 0.33 ), ( -10.68 -0.65 )]
[( -7.06 -3.67 ), ( -7.68 1.73 ), ( -8.96 0.21 )]
[( -8.96 0.21 ), ( -10.68 -0.65 ), ( -7.06 -3.67 )]
s =  ( -12.74 -4.05 )   d =  ( -10.68 -0.65 ) ( -12.6 0.33 )


DIAGONAL =  ( -12.6 0.33 ) ( -10.68 -0.65 ) ::::: vertice oposto =  ( -8.96 0.21 )
FUNIL:  [( -12.6 0.33 ), ( -12.74 -4.05 ), ( -10.68 -0.65 )] apice =  ( -12.74 -4.05 )
3  v =  ( -10.68 -0.65 )




DIAGONAL =  ( -8.96 0.21 ) ( -10.68 -0.65 ) ::::: vertice oposto =  ( -7.06 -3.67 )
FUNIL:  [( -8.96 0.21 ), ( -10.68 -0.65 )] apice =  ( -10.68 -0.65 )
AAAAAAAA


DIAGONAL =  ( -8.96 0.21 ) ( -7.06 -3.67 ) ::::: vertice oposto =  ( -7.68 1.73 )
FUNIL:  [( -8.96 0.21 ), ( -10.68 -0.65 ), ( -7.06 -3.67 )] apice =  ( -10.68 -0.65 )
2  v =  ( -8.96 0.21 )




DIAGONAL =  ( -8.96 0.21 ) ( -7.68 1.73 ) ::::: vertice oposto =  ( -9.08 3.53 )
FUNIL:  [( -8.96 0.21 ), ( -7.68 1.73 )] apice =  ( -8.96 0.21 )
BBBBBB


DIAGONAL =  ( -9.08 3.53 ) ( -7.68 1.73 ) ::::: vertice oposto =  ( -1.98 3.37 )
FUNIL:  [( -9.08 3.53 ), ( -8.96 0.21 ), ( -7.68 1.73 )] apice =  ( -8.96 0.21 )
3  v =  ( -7.68 1.73 )




DIAGONAL =  ( -1.98 3.37 ) ( -7.68 1.73 ) ::::: vertice oposto =  ( -4.64 -2.93 )
FUNIL:  [( -1.98 3.37 ), ( -7.68 1.73 )] apice =  ( -7.68 1.73 )
AAAAAAAA








DIAGONAL =  ( -7.06 -3.67 ) ( -10.68 -0.65 ) ::::: vertice oposto =  ( -10.3 -4.33 )
FUNIL:  [( -7.06 -3.67 ), ( -10.68 -0.65 )] apice =  ( -10.68 -0.65 )
AAAAAAAA




FACE ORIGINAL:
[( -10.68 -0.65 ), ( -10.3 -4.33 ), ( -7.06 -3.67 ), ( -7.68 1.73 ), ( -4.64 -2.93 ), ( -1.98 3.37 ), ( -9.08 3.53 ), ( -8.96 0.21 ), ( -12.6 0.33 ), ( -12.74 -4.05 )]

##################################################
a  ( -12.74 -4.05 )  b  ( -10.68 -0.65 )
[( -12.74 -4.05 ), ( -10.68 -0.65 )]

##################################################
a  ( -10.68 -0.65 )  b  ( -10.3 -4.33 )
[( -10.68 -0.65 ), ( -10.3 -4.33 )]

##################################################
a  ( -10.3 -4.33 )  b  ( -7.06 -3.67 )
[( -10.3 -4.33 ), ( -10.68 -0.65 ), ( -7.06 -3.67 )]

-7.06 -3.67
Inseri4  ( -10.68 -0.65 ) ( -7.06 -3.67 )
faces antes: 
[( -10.68 -0.65 ), ( -10.3 -4.33 ), ( -7.06 -3.67 ), ( -7.68 1.73 ), ( -4.64 -2.93 ), ( -1.98 3.37 ), ( -9.08 3.53 ), ( -8.96 0.21 ), ( -12.6 0.33 ), ( -12.74 -4.05 )]

faces depois: 
[( -7.06 -3.67 ), ( -7.68 1.73 ), ( -4.64 -2.93 ), ( -1.98 3.37 ), ( -9.08 3.53 ), ( -8.96 0.21 ), ( -12.6 0.33 ), ( -12.74 -4.05 ), ( -10.68 -0.65 )]
[( -10.68 -0.65 ), ( -10.3 -4.33 ), ( -7.06 -3.67 )]

##################################################
##################################################
a  ( -7.06 -3.67 )  b  ( -7.68 1.73 )
[( -7.06 -3.67 ), ( -10.68 -0.65 ), ( -8.96 0.21 ), ( -7.68 1.73 )]

-7.584448336252189 0.8977758318739006


e =  ( -7.06 -3.67 ) ( -7.68 1.73 )  x =  ( -7.584448336252189 0.8977758318739006 )
e1 =  ( -10.68 -0.65 ) ( -7.06 -3.67 )
e2 =  ( -7.68 1.73 ) ( -4.64 -2.93 )
e3 =  ( -4.64 -2.93 ) ( -7.68 1.73 )
e4 =  ( -7.06 -3.67 ) ( -10.3 -4.33 )


Inseri2  ( -8.96 0.21 ) ( -7.584448336252189 0.8977758318739006 )
faces antes: 
[( -10.68 -0.65 ), ( -10.3 -4.33 ), ( -7.06 -3.67 )]
[( -7.06 -3.67 ), ( -7.584448336252189 0.8977758318739006 ), ( -7.68 1.73 ), ( -4.64 -2.93 ), ( -1.98 3.37 ), ( -9.08 3.53 ), ( -8.96 0.21 ), ( -12.6 0.33 ), ( -12.74 -4.05 ), ( -10.68 -0.65 )]

faces depois: 
[( -10.68 -0.65 ), ( -10.3 -4.33 ), ( -7.06 -3.67 )]
[( -7.584448336252189 0.8977758318739006 ), ( -7.68 1.73 ), ( -4.64 -2.93 ), ( -1.98 3.37 ), ( -9.08 3.53 ), ( -8.96 0.21 )]
[( -8.96 0.21 ), ( -12.6 0.33 ), ( -12.74 -4.05 ), ( -10.68 -0.65 ), ( -7.06 -3.67 ), ( -7.584448336252189 0.8977758318739006 )]

-7.68 1.73
Inseri4  ( -8.96 0.21 ) ( -7.68 1.73 )
faces antes: 
[( -10.68 -0.65 ), ( -10.3 -4.33 ), ( -7.06 -3.67 )]
[( -7.584448336252189 0.8977758318739006 ), ( -7.68 1.73 ), ( -4.64 -2.93 ), ( -1.98 3.37 ), ( -9.08 3.53 ), ( -8.96 0.21 )]
[( -8.96 0.21 ), ( -12.6 0.33 ), ( -12.74 -4.05 ), ( -10.68 -0.65 ), ( -7.06 -3.67 ), ( -7.584448336252189 0.8977758318739006 )]

faces depois: 
[( -10.68 -0.65 ), ( -10.3 -4.33 ), ( -7.06 -3.67 )]
[( -8.96 0.21 ), ( -12.6 0.33 ), ( -12.74 -4.05 ), ( -10.68 -0.65 ), ( -7.06 -3.67 ), ( -7.584448336252189 0.8977758318739006 )]
[( -7.68 1.73 ), ( -4.64 -2.93 ), ( -1.98 3.37 ), ( -9.08 3.53 ), ( -8.96 0.21 )]
[( -8.96 0.21 ), ( -7.584448336252189 0.8977758318739006 ), ( -7.68 1.73 )]

##################################################
##################################################
a  ( -7.68 1.73 )  b  ( -4.64 -2.93 )
[( -7.68 1.73 ), ( -4.64 -2.93 )]

##################################################
a  ( -4.64 -2.93 )  b  ( -1.98 3.37 )
[( -4.64 -2.93 ), ( -7.68 1.73 ), ( -1.98 3.37 )]

-1.98 3.37
Inseri4  ( -7.68 1.73 ) ( -1.98 3.37 )
faces antes: 
[( -10.68 -0.65 ), ( -10.3 -4.33 ), ( -7.06 -3.67 )]
[( -8.96 0.21 ), ( -12.6 0.33 ), ( -12.74 -4.05 ), ( -10.68 -0.65 ), ( -7.06 -3.67 ), ( -7.584448336252189 0.8977758318739006 )]
[( -7.68 1.73 ), ( -4.64 -2.93 ), ( -1.98 3.37 ), ( -9.08 3.53 ), ( -8.96 0.21 )]
[( -8.96 0.21 ), ( -7.584448336252189 0.8977758318739006 ), ( -7.68 1.73 )]

faces depois: 
[( -10.68 -0.65 ), ( -10.3 -4.33 ), ( -7.06 -3.67 )]
[( -8.96 0.21 ), ( -12.6 0.33 ), ( -12.74 -4.05 ), ( -10.68 -0.65 ), ( -7.06 -3.67 ), ( -7.584448336252189 0.8977758318739006 )]
[( -8.96 0.21 ), ( -7.584448336252189 0.8977758318739006 ), ( -7.68 1.73 )]
[( -1.98 3.37 ), ( -9.08 3.53 ), ( -8.96 0.21 ), ( -7.68 1.73 )]
[( -7.68 1.73 ), ( -4.64 -2.93 ), ( -1.98 3.37 )]

##################################################
##################################################
a  ( -1.98 3.37 )  b  ( -9.08 3.53 )
[( -1.98 3.37 ), ( -7.68 1.73 ), ( -8.96 0.21 ), ( -9.08 3.53 )]

-6.218513021970026 3.465515786410592


e =  ( -1.98 3.37 ) ( -9.08 3.53 )  x =  ( -6.218513021970026 3.465515786410592 )
e1 =  ( -7.68 1.73 ) ( -1.98 3.37 )
e2 =  ( -9.08 3.53 ) ( -8.96 0.21 )
e3 =  ( -8.96 0.21 ) ( -9.08 3.53 )
e4 =  ( -1.98 3.37 ) ( -4.64 -2.93 )


Inseri1  ( -7.68 1.73 ) ( -6.218513021970026 3.465515786410592 )
faces antes: 
[( -10.68 -0.65 ), ( -10.3 -4.33 ), ( -7.06 -3.67 )]
[( -8.96 0.21 ), ( -12.6 0.33 ), ( -12.74 -4.05 ), ( -10.68 -0.65 ), ( -7.06 -3.67 ), ( -7.584448336252189 0.8977758318739006 )]
[( -8.96 0.21 ), ( -7.584448336252189 0.8977758318739006 ), ( -7.68 1.73 )]
[( -7.68 1.73 ), ( -4.64 -2.93 ), ( -1.98 3.37 )]
[( -1.98 3.37 ), ( -6.218513021970026 3.465515786410592 ), ( -9.08 3.53 ), ( -8.96 0.21 ), ( -7.68 1.73 )]

faces depois: 
[( -10.68 -0.65 ), ( -10.3 -4.33 ), ( -7.06 -3.67 )]
[( -8.96 0.21 ), ( -12.6 0.33 ), ( -12.74 -4.05 ), ( -10.68 -0.65 ), ( -7.06 -3.67 ), ( -7.584448336252189 0.8977758318739006 )]
[( -8.96 0.21 ), ( -7.584448336252189 0.8977758318739006 ), ( -7.68 1.73 )]
[( -7.68 1.73 ), ( -4.64 -2.93 ), ( -1.98 3.37 )]
[( -6.218513021970026 3.465515786410592 ), ( -9.08 3.53 ), ( -8.96 0.21 ), ( -7.68 1.73 )]
[( -7.68 1.73 ), ( -1.98 3.37 ), ( -6.218513021970026 3.465515786410592 )]

-9.08 3.53
##################################################
##################################################
a  ( -9.08 3.53 )  b  ( -8.96 0.21 )
[( -9.08 3.53 ), ( -8.96 0.21 )]

##################################################
a  ( -8.96 0.21 )  b  ( -12.6 0.33 )
[( -8.96 0.21 ), ( -10.68 -0.65 ), ( -12.74 -4.05 ), ( -12.6 0.33 )]

-10.13546232334115 0.24875150516509284


e =  ( -8.96 0.21 ) ( -12.6 0.33 )  x =  ( -10.13546232334115 0.24875150516509284 )
e1 =  ( -7.584448336252189 0.8977758318739006 ) ( -8.96 0.21 )
e2 =  ( -12.6 0.33 ) ( -12.74 -4.05 )
e3 =  ( -12.74 -4.05 ) ( -12.6 0.33 )
e4 =  ( -8.96 0.21 ) ( -9.08 3.53 )


Inseri1  ( -10.68 -0.65 ) ( -10.13546232334115 0.24875150516509284 )
faces antes: 
[( -10.68 -0.65 ), ( -10.3 -4.33 ), ( -7.06 -3.67 )]
[( -8.96 0.21 ), ( -7.584448336252189 0.8977758318739006 ), ( -7.68 1.73 )]
[( -7.68 1.73 ), ( -4.64 -2.93 ), ( -1.98 3.37 )]
[( -6.218513021970026 3.465515786410592 ), ( -9.08 3.53 ), ( -8.96 0.21 ), ( -7.68 1.73 )]
[( -7.68 1.73 ), ( -1.98 3.37 ), ( -6.218513021970026 3.465515786410592 )]
[( -8.96 0.21 ), ( -10.13546232334115 0.24875150516509284 ), ( -12.6 0.33 ), ( -12.74 -4.05 ), ( -10.68 -0.65 ), ( -7.06 -3.67 ), ( -7.584448336252189 0.8977758318739006 )]

faces depois: 
[( -10.68 -0.65 ), ( -10.3 -4.33 ), ( -7.06 -3.67 )]
[( -8.96 0.21 ), ( -7.584448336252189 0.8977758318739006 ), ( -7.68 1.73 )]
[( -7.68 1.73 ), ( -4.64 -2.93 ), ( -1.98 3.37 )]
[( -6.218513021970026 3.465515786410592 ), ( -9.08 3.53 ), ( -8.96 0.21 ), ( -7.68 1.73 )]
[( -7.68 1.73 ), ( -1.98 3.37 ), ( -6.218513021970026 3.465515786410592 )]
[( -10.13546232334115 0.24875150516509284 ), ( -12.6 0.33 ), ( -12.74 -4.05 ), ( -10.68 -0.65 )]
[( -10.68 -0.65 ), ( -7.06 -3.67 ), ( -7.584448336252189 0.8977758318739006 ), ( -8.96 0.21 ), ( -10.13546232334115 0.24875150516509284 )]

-12.6 0.33
##################################################
##################################################
a  ( -12.6 0.33 )  b  ( -12.74 -4.05 )
[( -12.6 0.33 ), ( -12.74 -4.05 )]

face =  [( -10.68 -0.65 ), ( -10.3 -4.33 ), ( -7.06 -3.67 )]
face =  [( -8.96 0.21 ), ( -7.584448336252189 0.8977758318739006 ), ( -7.68 1.73 )]
face =  [( -7.68 1.73 ), ( -4.64 -2.93 ), ( -1.98 3.37 )]
face =  [( -6.218513021970026 3.465515786410592 ), ( -9.08 3.53 ), ( -8.96 0.21 ), ( -7.68 1.73 )]
face =  [( -7.68 1.73 ), ( -1.98 3.37 ), ( -6.218513021970026 3.465515786410592 )]
face =  [( -10.13546232334115 0.24875150516509284 ), ( -12.6 0.33 ), ( -12.74 -4.05 ), ( -10.68 -0.65 )]
face =  [( -10.68 -0.65 ), ( -7.06 -3.67 ), ( -7.584448336252189 0.8977758318739006 ), ( -8.96 0.21 ), ( -10.13546232334115 0.24875150516509284 )]
( -6.22 -0.29 )


[( -4.42 -2.91 ), ( -6.22 -0.29 ), ( -6.36 -2.85 )]
[( -4.42 -2.91 ), ( -6.36 -2.85 ), ( -4.22 -5.17 )]
[( -4.22 -5.17 ), ( -6.14 -6.23 ), ( -4.26 -7.75 )]
[( -4.22 -5.17 ), ( -4.26 -7.75 ), ( -1.2 -3.61 )]
[( -1.2 -3.61 ), ( -0.12 -7.71 ), ( 3.8 -3.77 )]
[( -2.66 0.41 ), ( 5.32 2.41 ), ( -1.42 3.43 )]
[( -2.66 0.41 ), ( -1.42 3.43 ), ( -4.66 -1.03 )]
[( -2.66 0.41 ), ( -4.66 -1.03 ), ( -1.14 -1.97 )]
[( -1.14 -1.97 ), ( -4.42 -2.91 ), ( -4.22 -5.17 )]
[( -1.14 -1.97 ), ( -4.22 -5.17 ), ( -1.2 -3.61 )]
[( 3.8 -3.77 ), ( -2.66 0.41 ), ( -1.14 -1.97 )]
[( -1.14 -1.97 ), ( -1.2 -3.61 ), ( 3.8 -3.77 )]
s =  ( -6.22 -0.29 )   d =  ( -6.36 -2.85 ) ( -4.42 -2.91 )


DIAGONAL =  ( -4.42 -2.91 ) ( -6.36 -2.85 ) ::::: vertice oposto =  ( -4.22 -5.17 )
FUNIL:  [( -4.42 -2.91 ), ( -6.22 -0.29 ), ( -6.36 -2.85 )] apice =  ( -6.22 -0.29 )
1  v =  ( -6.22 -0.29 )


DIAGONAL =  ( -4.42 -2.91 ) ( -4.22 -5.17 ) ::::: vertice oposto =  ( -1.14 -1.97 )
FUNIL:  [( -4.42 -2.91 ), ( -6.22 -0.29 ), ( -4.22 -5.17 )] apice =  ( -6.22 -0.29 )
2  v =  ( -4.42 -2.91 )


DIAGONAL =  ( -1.14 -1.97 ) ( -4.22 -5.17 ) ::::: vertice oposto =  ( -1.2 -3.61 )
FUNIL:  [( -1.14 -1.97 ), ( -4.42 -2.91 ), ( -6.22 -0.29 ), ( -4.22 -5.17 )] apice =  ( -6.22 -0.29 )
2  v =  ( -4.42 -2.91 )


DIAGONAL =  ( -1.14 -1.97 ) ( -1.2 -3.61 ) ::::: vertice oposto =  ( 3.8 -3.77 )
FUNIL:  [( -1.14 -1.97 ), ( -4.42 -2.91 ), ( -1.2 -3.61 )] apice =  ( -4.42 -2.91 )
1  v =  ( -4.42 -2.91 )


DIAGONAL =  ( -1.14 -1.97 ) ( 3.8 -3.77 ) ::::: vertice oposto =  ( -2.66 0.41 )
FUNIL:  [( -1.14 -1.97 ), ( -4.42 -2.91 ), ( 3.8 -3.77 )] apice =  ( -4.42 -2.91 )
2  v =  ( -1.14 -1.97 )




DIAGONAL =  ( -1.14 -1.97 ) ( -2.66 0.41 ) ::::: vertice oposto =  ( -4.66 -1.03 )
FUNIL:  [( -1.14 -1.97 ), ( -2.66 0.41 )] apice =  ( -1.14 -1.97 )
BBBBBB


DIAGONAL =  ( -4.66 -1.03 ) ( -2.66 0.41 ) ::::: vertice oposto =  ( -1.42 3.43 )
FUNIL:  [( -4.66 -1.03 ), ( -1.14 -1.97 ), ( -2.66 0.41 )] apice =  ( -1.14 -1.97 )
3  v =  ( -2.66 0.41 )




DIAGONAL =  ( -1.42 3.43 ) ( -2.66 0.41 ) ::::: vertice oposto =  ( 5.32 2.41 )
FUNIL:  [( -1.42 3.43 ), ( -2.66 0.41 )] apice =  ( -2.66 0.41 )
AAAAAAAA








DIAGONAL =  ( 3.8 -3.77 ) ( -1.2 -3.61 ) ::::: vertice oposto =  ( -0.12 -7.71 )
FUNIL:  [( 3.8 -3.77 ), ( -4.42 -2.91 ), ( -1.2 -3.61 )] apice =  ( -4.42 -2.91 )
3  v =  ( -1.2 -3.61 )






DIAGONAL =  ( -1.2 -3.61 ) ( -4.22 -5.17 ) ::::: vertice oposto =  ( -4.26 -7.75 )
FUNIL:  [( -1.2 -3.61 ), ( -4.42 -2.91 ), ( -6.22 -0.29 ), ( -4.22 -5.17 )] apice =  ( -6.22 -0.29 )
3  v =  ( -4.22 -5.17 )




DIAGONAL =  ( -4.26 -7.75 ) ( -4.22 -5.17 ) ::::: vertice oposto =  ( -6.14 -6.23 )
FUNIL:  [( -4.26 -7.75 ), ( -4.22 -5.17 )] apice =  ( -4.22 -5.17 )
AAAAAAAA








FACE ORIGINAL:
[( -6.36 -2.85 ), ( -4.22 -5.17 ), ( -6.14 -6.23 ), ( -4.26 -7.75 ), ( -1.2 -3.61 ), ( -0.12 -7.71 ), ( 3.8 -3.77 ), ( -2.66 0.41 ), ( 5.32 2.41 ), ( -1.42 3.43 ), ( -4.66 -1.03 ), ( -1.14 -1.97 ), ( -4.42 -2.91 ), ( -6.22 -0.29 )]

##################################################
a  ( -6.22 -0.29 )  b  ( -6.36 -2.85 )
[( -6.22 -0.29 ), ( -6.36 -2.85 )]

##################################################
a  ( -6.36 -2.85 )  b  ( -4.22 -5.17 )
[( -6.36 -2.85 ), ( -6.22 -0.29 ), ( -4.22 -5.17 )]

-4.22 -5.17
Inseri4  ( -6.22 -0.29 ) ( -4.22 -5.17 )
faces antes: 
[( -6.36 -2.85 ), ( -4.22 -5.17 ), ( -6.14 -6.23 ), ( -4.26 -7.75 ), ( -1.2 -3.61 ), ( -0.12 -7.71 ), ( 3.8 -3.77 ), ( -2.66 0.41 ), ( 5.32 2.41 ), ( -1.42 3.43 ), ( -4.66 -1.03 ), ( -1.14 -1.97 ), ( -4.42 -2.91 ), ( -6.22 -0.29 )]

faces depois: 
[( -4.22 -5.17 ), ( -6.14 -6.23 ), ( -4.26 -7.75 ), ( -1.2 -3.61 ), ( -0.12 -7.71 ), ( 3.8 -3.77 ), ( -2.66 0.41 ), ( 5.32 2.41 ), ( -1.42 3.43 ), ( -4.66 -1.03 ), ( -1.14 -1.97 ), ( -4.42 -2.91 ), ( -6.22 -0.29 )]
[( -6.22 -0.29 ), ( -6.36 -2.85 ), ( -4.22 -5.17 )]

##################################################
##################################################
a  ( -4.22 -5.17 )  b  ( -6.14 -6.23 )
[( -4.22 -5.17 ), ( -6.14 -6.23 )]

##################################################
a  ( -6.14 -6.23 )  b  ( -4.26 -7.75 )
[( -6.14 -6.23 ), ( -4.22 -5.17 ), ( -4.26 -7.75 )]

-4.26 -7.75
Inseri4  ( -4.22 -5.17 ) ( -4.26 -7.75 )
faces antes: 
[( -4.22 -5.17 ), ( -6.14 -6.23 ), ( -4.26 -7.75 ), ( -1.2 -3.61 ), ( -0.12 -7.71 ), ( 3.8 -3.77 ), ( -2.66 0.41 ), ( 5.32 2.41 ), ( -1.42 3.43 ), ( -4.66 -1.03 ), ( -1.14 -1.97 ), ( -4.42 -2.91 ), ( -6.22 -0.29 )]
[( -6.22 -0.29 ), ( -6.36 -2.85 ), ( -4.22 -5.17 )]

faces depois: 
[( -6.22 -0.29 ), ( -6.36 -2.85 ), ( -4.22 -5.17 )]
[( -4.26 -7.75 ), ( -1.2 -3.61 ), ( -0.12 -7.71 ), ( 3.8 -3.77 ), ( -2.66 0.41 ), ( 5.32 2.41 ), ( -1.42 3.43 ), ( -4.66 -1.03 ), ( -1.14 -1.97 ), ( -4.42 -2.91 ), ( -6.22 -0.29 ), ( -4.22 -5.17 )]
[( -4.22 -5.17 ), ( -6.14 -6.23 ), ( -4.26 -7.75 )]

##################################################
##################################################
a  ( -4.26 -7.75 )  b  ( -1.2 -3.61 )
[( -4.26 -7.75 ), ( -4.22 -5.17 ), ( -6.22 -0.29 ), ( -4.42 -2.91 ), ( -1.2 -3.61 )]

-3.554057071960298 -6.794900744416874


e =  ( -4.26 -7.75 ) ( -1.2 -3.61 )  x =  ( -3.554057071960298 -6.794900744416874 )
e1 =  ( -4.22 -5.17 ) ( -4.26 -7.75 )
e2 =  ( -1.2 -3.61 ) ( -0.12 -7.71 )
e3 =  ( -0.12 -7.71 ) ( -1.2 -3.61 )
e4 =  ( -4.26 -7.75 ) ( -6.14 -6.23 )


Inseri1  ( -4.22 -5.17 ) ( -3.554057071960298 -6.794900744416874 )
faces antes: 
[( -6.22 -0.29 ), ( -6.36 -2.85 ), ( -4.22 -5.17 )]
[( -4.22 -5.17 ), ( -6.14 -6.23 ), ( -4.26 -7.75 )]
[( -4.26 -7.75 ), ( -3.554057071960298 -6.794900744416874 ), ( -1.2 -3.61 ), ( -0.12 -7.71 ), ( 3.8 -3.77 ), ( -2.66 0.41 ), ( 5.32 2.41 ), ( -1.42 3.43 ), ( -4.66 -1.03 ), ( -1.14 -1.97 ), ( -4.42 -2.91 ), ( -6.22 -0.29 ), ( -4.22 -5.17 )]

faces depois: 
[( -6.22 -0.29 ), ( -6.36 -2.85 ), ( -4.22 -5.17 )]
[( -4.22 -5.17 ), ( -6.14 -6.23 ), ( -4.26 -7.75 )]
[( -3.554057071960298 -6.794900744416874 ), ( -1.2 -3.61 ), ( -0.12 -7.71 ), ( 3.8 -3.77 ), ( -2.66 0.41 ), ( 5.32 2.41 ), ( -1.42 3.43 ), ( -4.66 -1.03 ), ( -1.14 -1.97 ), ( -4.42 -2.91 ), ( -6.22 -0.29 ), ( -4.22 -5.17 )]
[( -4.22 -5.17 ), ( -4.26 -7.75 ), ( -3.554057071960298 -6.794900744416874 )]

-2.6195811030951823 -5.530609727717011


e =  ( -3.554057071960298 -6.794900744416874 ) ( -1.2 -3.61 )  x =  ( -2.6195811030951823 -5.530609727717011 )
e1 =  ( -4.22 -5.17 ) ( -3.554057071960298 -6.794900744416874 )
e2 =  ( -1.2 -3.61 ) ( -0.12 -7.71 )
e3 =  ( -0.12 -7.71 ) ( -1.2 -3.61 )
e4 =  ( -3.554057071960298 -6.794900744416874 ) ( -4.26 -7.75 )


Inseri2  ( -4.42 -2.91 ) ( -2.6195811030951823 -5.530609727717011 )
faces antes: 
[( -6.22 -0.29 ), ( -6.36 -2.85 ), ( -4.22 -5.17 )]
[( -4.22 -5.17 ), ( -6.14 -6.23 ), ( -4.26 -7.75 )]
[( -4.22 -5.17 ), ( -4.26 -7.75 ), ( -3.554057071960298 -6.794900744416874 )]
[( -3.554057071960298 -6.794900744416874 ), ( -2.6195811030951823 -5.530609727717011 ), ( -1.2 -3.61 ), ( -0.12 -7.71 ), ( 3.8 -3.77 ), ( -2.66 0.41 ), ( 5.32 2.41 ), ( -1.42 3.43 ), ( -4.66 -1.03 ), ( -1.14 -1.97 ), ( -4.42 -2.91 ), ( -6.22 -0.29 ), ( -4.22 -5.17 )]

faces depois: 
[( -6.22 -0.29 ), ( -6.36 -2.85 ), ( -4.22 -5.17 )]
[( -4.22 -5.17 ), ( -6.14 -6.23 ), ( -4.26 -7.75 )]
[( -4.22 -5.17 ), ( -4.26 -7.75 ), ( -3.554057071960298 -6.794900744416874 )]
[( -2.6195811030951823 -5.530609727717011 ), ( -1.2 -3.61 ), ( -0.12 -7.71 ), ( 3.8 -3.77 ), ( -2.66 0.41 ), ( 5.32 2.41 ), ( -1.42 3.43 ), ( -4.66 -1.03 ), ( -1.14 -1.97 ), ( -4.42 -2.91 )]
[( -4.42 -2.91 ), ( -6.22 -0.29 ), ( -4.22 -5.17 ), ( -3.554057071960298 -6.794900744416874 ), ( -2.6195811030951823 -5.530609727717011 )]

-1.2 -3.61
Inseri4  ( -4.42 -2.91 ) ( -1.2 -3.61 )
faces antes: 
[( -6.22 -0.29 ), ( -6.36 -2.85 ), ( -4.22 -5.17 )]
[( -4.22 -5.17 ), ( -6.14 -6.23 ), ( -4.26 -7.75 )]
[( -4.22 -5.17 ), ( -4.26 -7.75 ), ( -3.554057071960298 -6.794900744416874 )]
[( -2.6195811030951823 -5.530609727717011 ), ( -1.2 -3.61 ), ( -0.12 -7.71 ), ( 3.8 -3.77 ), ( -2.66 0.41 ), ( 5.32 2.41 ), ( -1.42 3.43 ), ( -4.66 -1.03 ), ( -1.14 -1.97 ), ( -4.42 -2.91 )]
[( -4.42 -2.91 ), ( -6.22 -0.29 ), ( -4.22 -5.17 ), ( -3.554057071960298 -6.794900744416874 ), ( -2.6195811030951823 -5.530609727717011 )]

faces depois: 
[( -6.22 -0.29 ), ( -6.36 -2.85 ), ( -4.22 -5.17 )]
[( -4.22 -5.17 ), ( -6.14 -6.23 ), ( -4.26 -7.75 )]
[( -4.22 -5.17 ), ( -4.26 -7.75 ), ( -3.554057071960298 -6.794900744416874 )]
[( -4.42 -2.91 ), ( -6.22 -0.29 ), ( -4.22 -5.17 ), ( -3.554057071960298 -6.794900744416874 ), ( -2.6195811030951823 -5.530609727717011 )]
[( -1.2 -3.61 ), ( -0.12 -7.71 ), ( 3.8 -3.77 ), ( -2.66 0.41 ), ( 5.32 2.41 ), ( -1.42 3.43 ), ( -4.66 -1.03 ), ( -1.14 -1.97 ), ( -4.42 -2.91 )]
[( -4.42 -2.91 ), ( -2.6195811030951823 -5.530609727717011 ), ( -1.2 -3.61 )]

##################################################
##################################################
a  ( -1.2 -3.61 )  b  ( -0.12 -7.71 )
[( -1.2 -3.61 ), ( -0.12 -7.71 )]

##################################################
a  ( -0.12 -7.71 )  b  ( 3.8 -3.77 )
[( -0.12 -7.71 ), ( -1.2 -3.61 ), ( -4.42 -2.91 ), ( 3.8 -3.77 )]

3.041749228815098 -4.532119397568499


e =  ( -0.12 -7.71 ) ( 3.8 -3.77 )  x =  ( 3.041749228815098 -4.532119397568499 )
e1 =  ( -1.2 -3.61 ) ( -0.12 -7.71 )
e2 =  ( 3.8 -3.77 ) ( -2.66 0.41 )
e3 =  ( -2.66 0.41 ) ( 3.8 -3.77 )
e4 =  ( -0.12 -7.71 ) ( -1.2 -3.61 )


Inseri1  ( -1.2 -3.61 ) ( 3.041749228815098 -4.532119397568499 )
faces antes: 
[( -6.22 -0.29 ), ( -6.36 -2.85 ), ( -4.22 -5.17 )]
[( -4.22 -5.17 ), ( -6.14 -6.23 ), ( -4.26 -7.75 )]
[( -4.22 -5.17 ), ( -4.26 -7.75 ), ( -3.554057071960298 -6.794900744416874 )]
[( -4.42 -2.91 ), ( -6.22 -0.29 ), ( -4.22 -5.17 ), ( -3.554057071960298 -6.794900744416874 ), ( -2.6195811030951823 -5.530609727717011 )]
[( -4.42 -2.91 ), ( -2.6195811030951823 -5.530609727717011 ), ( -1.2 -3.61 )]
[( -0.12 -7.71 ), ( 3.041749228815098 -4.532119397568499 ), ( 3.8 -3.77 ), ( -2.66 0.41 ), ( 5.32 2.41 ), ( -1.42 3.43 ), ( -4.66 -1.03 ), ( -1.14 -1.97 ), ( -4.42 -2.91 ), ( -1.2 -3.61 )]

faces depois: 
[( -6.22 -0.29 ), ( -6.36 -2.85 ), ( -4.22 -5.17 )]
[( -4.22 -5.17 ), ( -6.14 -6.23 ), ( -4.26 -7.75 )]
[( -4.22 -5.17 ), ( -4.26 -7.75 ), ( -3.554057071960298 -6.794900744416874 )]
[( -4.42 -2.91 ), ( -6.22 -0.29 ), ( -4.22 -5.17 ), ( -3.554057071960298 -6.794900744416874 ), ( -2.6195811030951823 -5.530609727717011 )]
[( -4.42 -2.91 ), ( -2.6195811030951823 -5.530609727717011 ), ( -1.2 -3.61 )]
[( 3.041749228815098 -4.532119397568499 ), ( 3.8 -3.77 ), ( -2.66 0.41 ), ( 5.32 2.41 ), ( -1.42 3.43 ), ( -4.66 -1.03 ), ( -1.14 -1.97 ), ( -4.42 -2.91 ), ( -1.2 -3.61 )]
[( -1.2 -3.61 ), ( -0.12 -7.71 ), ( 3.041749228815098 -4.532119397568499 )]

3.8 -3.77
Inseri4  ( -4.42 -2.91 ) ( 3.8 -3.77 )
faces antes: 
[( -6.22 -0.29 ), ( -6.36 -2.85 ), ( -4.22 -5.17 )]
[( -4.22 -5.17 ), ( -6.14 -6.23 ), ( -4.26 -7.75 )]
[( -4.22 -5.17 ), ( -4.26 -7.75 ), ( -3.554057071960298 -6.794900744416874 )]
[( -4.42 -2.91 ), ( -6.22 -0.29 ), ( -4.22 -5.17 ), ( -3.554057071960298 -6.794900744416874 ), ( -2.6195811030951823 -5.530609727717011 )]
[( -4.42 -2.91 ), ( -2.6195811030951823 -5.530609727717011 ), ( -1.2 -3.61 )]
[( 3.041749228815098 -4.532119397568499 ), ( 3.8 -3.77 ), ( -2.66 0.41 ), ( 5.32 2.41 ), ( -1.42 3.43 ), ( -4.66 -1.03 ), ( -1.14 -1.97 ), ( -4.42 -2.91 ), ( -1.2 -3.61 )]
[( -1.2 -3.61 ), ( -0.12 -7.71 ), ( 3.041749228815098 -4.532119397568499 )]

faces depois: 
[( -6.22 -0.29 ), ( -6.36 -2.85 ), ( -4.22 -5.17 )]
[( -4.22 -5.17 ), ( -6.14 -6.23 ), ( -4.26 -7.75 )]
[( -4.22 -5.17 ), ( -4.26 -7.75 ), ( -3.554057071960298 -6.794900744416874 )]
[( -4.42 -2.91 ), ( -6.22 -0.29 ), ( -4.22 -5.17 ), ( -3.554057071960298 -6.794900744416874 ), ( -2.6195811030951823 -5.530609727717011 )]
[( -4.42 -2.91 ), ( -2.6195811030951823 -5.530609727717011 ), ( -1.2 -3.61 )]
[( -1.2 -3.61 ), ( -0.12 -7.71 ), ( 3.041749228815098 -4.532119397568499 )]
[( 3.8 -3.77 ), ( -2.66 0.41 ), ( 5.32 2.41 ), ( -1.42 3.43 ), ( -4.66 -1.03 ), ( -1.14 -1.97 ), ( -4.42 -2.91 )]
[( -4.42 -2.91 ), ( -1.2 -3.61 ), ( 3.041749228815098 -4.532119397568499 ), ( 3.8 -3.77 )]

##################################################
##################################################
a  ( 3.8 -3.77 )  b  ( -2.66 0.41 )
[( 3.8 -3.77 ), ( -4.42 -2.91 ), ( -1.14 -1.97 ), ( -2.66 0.41 )]

0.3557203227045713 -1.5413484441029581


e =  ( 3.8 -3.77 ) ( -2.66 0.41 )  x =  ( 0.3557203227045713 -1.5413484441029581 )
e1 =  ( -4.42 -2.91 ) ( 3.8 -3.77 )
e2 =  ( -2.66 0.41 ) ( 5.32 2.41 )
e3 =  ( 5.32 2.41 ) ( -2.66 0.41 )
e4 =  ( 3.8 -3.77 ) ( 3.041749228815098 -4.532119397568499 )


Inseri2  ( -1.14 -1.97 ) ( 0.3557203227045713 -1.5413484441029581 )
faces antes: 
[( -6.22 -0.29 ), ( -6.36 -2.85 ), ( -4.22 -5.17 )]
[( -4.22 -5.17 ), ( -6.14 -6.23 ), ( -4.26 -7.75 )]
[( -4.22 -5.17 ), ( -4.26 -7.75 ), ( -3.554057071960298 -6.794900744416874 )]
[( -4.42 -2.91 ), ( -6.22 -0.29 ), ( -4.22 -5.17 ), ( -3.554057071960298 -6.794900744416874 ), ( -2.6195811030951823 -5.530609727717011 )]
[( -4.42 -2.91 ), ( -2.6195811030951823 -5.530609727717011 ), ( -1.2 -3.61 )]
[( -1.2 -3.61 ), ( -0.12 -7.71 ), ( 3.041749228815098 -4.532119397568499 )]
[( -4.42 -2.91 ), ( -1.2 -3.61 ), ( 3.041749228815098 -4.532119397568499 ), ( 3.8 -3.77 )]
[( 3.8 -3.77 ), ( 0.3557203227045713 -1.5413484441029581 ), ( -2.66 0.41 ), ( 5.32 2.41 ), ( -1.42 3.43 ), ( -4.66 -1.03 ), ( -1.14 -1.97 ), ( -4.42 -2.91 )]

faces depois: 
[( -6.22 -0.29 ), ( -6.36 -2.85 ), ( -4.22 -5.17 )]
[( -4.22 -5.17 ), ( -6.14 -6.23 ), ( -4.26 -7.75 )]
[( -4.22 -5.17 ), ( -4.26 -7.75 ), ( -3.554057071960298 -6.794900744416874 )]
[( -4.42 -2.91 ), ( -6.22 -0.29 ), ( -4.22 -5.17 ), ( -3.554057071960298 -6.794900744416874 ), ( -2.6195811030951823 -5.530609727717011 )]
[( -4.42 -2.91 ), ( -2.6195811030951823 -5.530609727717011 ), ( -1.2 -3.61 )]
[( -1.2 -3.61 ), ( -0.12 -7.71 ), ( 3.041749228815098 -4.532119397568499 )]
[( -4.42 -2.91 ), ( -1.2 -3.61 ), ( 3.041749228815098 -4.532119397568499 ), ( 3.8 -3.77 )]
[( 0.3557203227045713 -1.5413484441029581 ), ( -2.66 0.41 ), ( 5.32 2.41 ), ( -1.42 3.43 ), ( -4.66 -1.03 ), ( -1.14 -1.97 )]
[( -1.14 -1.97 ), ( -4.42 -2.91 ), ( 3.8 -3.77 ), ( 0.3557203227045713 -1.5413484441029581 )]

-2.66 0.41
Inseri4  ( -1.14 -1.97 ) ( -2.66 0.41 )
faces antes: 
[( -6.22 -0.29 ), ( -6.36 -2.85 ), ( -4.22 -5.17 )]
[( -4.22 -5.17 ), ( -6.14 -6.23 ), ( -4.26 -7.75 )]
[( -4.22 -5.17 ), ( -4.26 -7.75 ), ( -3.554057071960298 -6.794900744416874 )]
[( -4.42 -2.91 ), ( -6.22 -0.29 ), ( -4.22 -5.17 ), ( -3.554057071960298 -6.794900744416874 ), ( -2.6195811030951823 -5.530609727717011 )]
[( -4.42 -2.91 ), ( -2.6195811030951823 -5.530609727717011 ), ( -1.2 -3.61 )]
[( -1.2 -3.61 ), ( -0.12 -7.71 ), ( 3.041749228815098 -4.532119397568499 )]
[( -4.42 -2.91 ), ( -1.2 -3.61 ), ( 3.041749228815098 -4.532119397568499 ), ( 3.8 -3.77 )]
[( 0.3557203227045713 -1.5413484441029581 ), ( -2.66 0.41 ), ( 5.32 2.41 ), ( -1.42 3.43 ), ( -4.66 -1.03 ), ( -1.14 -1.97 )]
[( -1.14 -1.97 ), ( -4.42 -2.91 ), ( 3.8 -3.77 ), ( 0.3557203227045713 -1.5413484441029581 )]

faces depois: 
[( -6.22 -0.29 ), ( -6.36 -2.85 ), ( -4.22 -5.17 )]
[( -4.22 -5.17 ), ( -6.14 -6.23 ), ( -4.26 -7.75 )]
[( -4.22 -5.17 ), ( -4.26 -7.75 ), ( -3.554057071960298 -6.794900744416874 )]
[( -4.42 -2.91 ), ( -6.22 -0.29 ), ( -4.22 -5.17 ), ( -3.554057071960298 -6.794900744416874 ), ( -2.6195811030951823 -5.530609727717011 )]
[( -4.42 -2.91 ), ( -2.6195811030951823 -5.530609727717011 ), ( -1.2 -3.61 )]
[( -1.2 -3.61 ), ( -0.12 -7.71 ), ( 3.041749228815098 -4.532119397568499 )]
[( -4.42 -2.91 ), ( -1.2 -3.61 ), ( 3.041749228815098 -4.532119397568499 ), ( 3.8 -3.77 )]
[( -1.14 -1.97 ), ( -4.42 -2.91 ), ( 3.8 -3.77 ), ( 0.3557203227045713 -1.5413484441029581 )]
[( -2.66 0.41 ), ( 5.32 2.41 ), ( -1.42 3.43 ), ( -4.66 -1.03 ), ( -1.14 -1.97 )]
[( -1.14 -1.97 ), ( 0.3557203227045713 -1.5413484441029581 ), ( -2.66 0.41 )]

##################################################
##################################################
a  ( -2.66 0.41 )  b  ( 5.32 2.41 )
[( -2.66 0.41 ), ( 5.32 2.41 )]

##################################################
a  ( 5.32 2.41 )  b  ( -1.42 3.43 )
[( 5.32 2.41 ), ( -2.66 0.41 ), ( -1.42 3.43 )]

-1.42 3.43
Inseri4  ( -2.66 0.41 ) ( -1.42 3.43 )
faces antes: 
[( -6.22 -0.29 ), ( -6.36 -2.85 ), ( -4.22 -5.17 )]
[( -4.22 -5.17 ), ( -6.14 -6.23 ), ( -4.26 -7.75 )]
[( -4.22 -5.17 ), ( -4.26 -7.75 ), ( -3.554057071960298 -6.794900744416874 )]
[( -4.42 -2.91 ), ( -6.22 -0.29 ), ( -4.22 -5.17 ), ( -3.554057071960298 -6.794900744416874 ), ( -2.6195811030951823 -5.530609727717011 )]
[( -4.42 -2.91 ), ( -2.6195811030951823 -5.530609727717011 ), ( -1.2 -3.61 )]
[( -1.2 -3.61 ), ( -0.12 -7.71 ), ( 3.041749228815098 -4.532119397568499 )]
[( -4.42 -2.91 ), ( -1.2 -3.61 ), ( 3.041749228815098 -4.532119397568499 ), ( 3.8 -3.77 )]
[( -1.14 -1.97 ), ( -4.42 -2.91 ), ( 3.8 -3.77 ), ( 0.3557203227045713 -1.5413484441029581 )]
[( -2.66 0.41 ), ( 5.32 2.41 ), ( -1.42 3.43 ), ( -4.66 -1.03 ), ( -1.14 -1.97 )]
[( -1.14 -1.97 ), ( 0.3557203227045713 -1.5413484441029581 ), ( -2.66 0.41 )]

faces depois: 
[( -6.22 -0.29 ), ( -6.36 -2.85 ), ( -4.22 -5.17 )]
[( -4.22 -5.17 ), ( -6.14 -6.23 ), ( -4.26 -7.75 )]
[( -4.22 -5.17 ), ( -4.26 -7.75 ), ( -3.554057071960298 -6.794900744416874 )]
[( -4.42 -2.91 ), ( -6.22 -0.29 ), ( -4.22 -5.17 ), ( -3.554057071960298 -6.794900744416874 ), ( -2.6195811030951823 -5.530609727717011 )]
[( -4.42 -2.91 ), ( -2.6195811030951823 -5.530609727717011 ), ( -1.2 -3.61 )]
[( -1.2 -3.61 ), ( -0.12 -7.71 ), ( 3.041749228815098 -4.532119397568499 )]
[( -4.42 -2.91 ), ( -1.2 -3.61 ), ( 3.041749228815098 -4.532119397568499 ), ( 3.8 -3.77 )]
[( -1.14 -1.97 ), ( -4.42 -2.91 ), ( 3.8 -3.77 ), ( 0.3557203227045713 -1.5413484441029581 )]
[( -1.14 -1.97 ), ( 0.3557203227045713 -1.5413484441029581 ), ( -2.66 0.41 )]
[( -1.42 3.43 ), ( -4.66 -1.03 ), ( -1.14 -1.97 ), ( -2.66 0.41 )]
[( -2.66 0.41 ), ( 5.32 2.41 ), ( -1.42 3.43 )]

##################################################
##################################################
a  ( -1.42 3.43 )  b  ( -4.66 -1.03 )
[( -1.42 3.43 ), ( -2.66 0.41 ), ( -1.14 -1.97 ), ( -4.66 -1.03 )]

-3.1062739468889746 1.1087710484182631


e =  ( -1.42 3.43 ) ( -4.66 -1.03 )  x =  ( -3.1062739468889746 1.1087710484182631 )
e1 =  ( -2.66 0.41 ) ( -1.42 3.43 )
e2 =  ( -4.66 -1.03 ) ( -1.14 -1.97 )
e3 =  ( -1.14 -1.97 ) ( -4.66 -1.03 )
e4 =  ( -1.42 3.43 ) ( 5.32 2.41 )


Inseri1  ( -2.66 0.41 ) ( -3.1062739468889746 1.1087710484182631 )
faces antes: 
[( -6.22 -0.29 ), ( -6.36 -2.85 ), ( -4.22 -5.17 )]
[( -4.22 -5.17 ), ( -6.14 -6.23 ), ( -4.26 -7.75 )]
[( -4.22 -5.17 ), ( -4.26 -7.75 ), ( -3.554057071960298 -6.794900744416874 )]
[( -4.42 -2.91 ), ( -6.22 -0.29 ), ( -4.22 -5.17 ), ( -3.554057071960298 -6.794900744416874 ), ( -2.6195811030951823 -5.530609727717011 )]
[( -4.42 -2.91 ), ( -2.6195811030951823 -5.530609727717011 ), ( -1.2 -3.61 )]
[( -1.2 -3.61 ), ( -0.12 -7.71 ), ( 3.041749228815098 -4.532119397568499 )]
[( -4.42 -2.91 ), ( -1.2 -3.61 ), ( 3.041749228815098 -4.532119397568499 ), ( 3.8 -3.77 )]
[( -1.14 -1.97 ), ( -4.42 -2.91 ), ( 3.8 -3.77 ), ( 0.3557203227045713 -1.5413484441029581 )]
[( -1.14 -1.97 ), ( 0.3557203227045713 -1.5413484441029581 ), ( -2.66 0.41 )]
[( -2.66 0.41 ), ( 5.32 2.41 ), ( -1.42 3.43 )]
[( -1.42 3.43 ), ( -3.1062739468889746 1.1087710484182631 ), ( -4.66 -1.03 ), ( -1.14 -1.97 ), ( -2.66 0.41 )]

faces depois: 
[( -6.22 -0.29 ), ( -6.36 -2.85 ), ( -4.22 -5.17 )]
[( -4.22 -5.17 ), ( -6.14 -6.23 ), ( -4.26 -7.75 )]
[( -4.22 -5.17 ), ( -4.26 -7.75 ), ( -3.554057071960298 -6.794900744416874 )]
[( -4.42 -2.91 ), ( -6.22 -0.29 ), ( -4.22 -5.17 ), ( -3.554057071960298 -6.794900744416874 ), ( -2.6195811030951823 -5.530609727717011 )]
[( -4.42 -2.91 ), ( -2.6195811030951823 -5.530609727717011 ), ( -1.2 -3.61 )]
[( -1.2 -3.61 ), ( -0.12 -7.71 ), ( 3.041749228815098 -4.532119397568499 )]
[( -4.42 -2.91 ), ( -1.2 -3.61 ), ( 3.041749228815098 -4.532119397568499 ), ( 3.8 -3.77 )]
[( -1.14 -1.97 ), ( -4.42 -2.91 ), ( 3.8 -3.77 ), ( 0.3557203227045713 -1.5413484441029581 )]
[( -1.14 -1.97 ), ( 0.3557203227045713 -1.5413484441029581 ), ( -2.66 0.41 )]
[( -2.66 0.41 ), ( 5.32 2.41 ), ( -1.42 3.43 )]
[( -3.1062739468889746 1.1087710484182631 ), ( -4.66 -1.03 ), ( -1.14 -1.97 ), ( -2.66 0.41 )]
[( -2.66 0.41 ), ( -1.42 3.43 ), ( -3.1062739468889746 1.1087710484182631 )]

-4.66 -1.03
##################################################
##################################################
a  ( -4.66 -1.03 )  b  ( -1.14 -1.97 )
[( -4.66 -1.03 ), ( -1.14 -1.97 )]

##################################################
a  ( -1.14 -1.97 )  b  ( -4.42 -2.91 )
[( -1.14 -1.97 ), ( -4.42 -2.91 )]

##################################################
a  ( -4.42 -2.91 )  b  ( -6.22 -0.29 )
[( -4.42 -2.91 ), ( -6.22 -0.29 )]

face =  [( -6.22 -0.29 ), ( -6.36 -2.85 ), ( -4.22 -5.17 )]
face =  [( -4.22 -5.17 ), ( -6.14 -6.23 ), ( -4.26 -7.75 )]
face =  [( -4.22 -5.17 ), ( -4.26 -7.75 ), ( -3.554057071960298 -6.794900744416874 )]
face =  [( -4.42 -2.91 ), ( -6.22 -0.29 ), ( -4.22 -5.17 ), ( -3.554057071960298 -6.794900744416874 ), ( -2.6195811030951823 -5.530609727717011 )]
face =  [( -4.42 -2.91 ), ( -2.6195811030951823 -5.530609727717011 ), ( -1.2 -3.61 )]
face =  [( -1.2 -3.61 ), ( -0.12 -7.71 ), ( 3.041749228815098 -4.532119397568499 )]
face =  [( -4.42 -2.91 ), ( -1.2 -3.61 ), ( 3.041749228815098 -4.532119397568499 ), ( 3.8 -3.77 )]
face =  [( -1.14 -1.97 ), ( -4.42 -2.91 ), ( 3.8 -3.77 ), ( 0.3557203227045713 -1.5413484441029581 )]
face =  [( -1.14 -1.97 ), ( 0.3557203227045713 -1.5413484441029581 ), ( -2.66 0.41 )]
face =  [( -2.66 0.41 ), ( 5.32 2.41 ), ( -1.42 3.43 )]
face =  [( -3.1062739468889746 1.1087710484182631 ), ( -4.66 -1.03 ), ( -1.14 -1.97 ), ( -2.66 0.41 )]
face =  [( -2.66 0.41 ), ( -1.42 3.43 ), ( -3.1062739468889746 1.1087710484182631 )]
( -12.74 -4.05 )


[( -12.6 0.33 ), ( -12.74 -4.05 ), ( -10.68 -0.65 )]
[( -10.68 -0.65 ), ( -10.3 -4.33 ), ( -7.06 -3.67 )]
[( -7.68 1.73 ), ( -4.64 -2.93 ), ( -1.98 3.37 )]
[( -7.68 1.73 ), ( -1.98 3.37 ), ( -9.08 3.53 )]
[( -7.68 1.73 ), ( -9.08 3.53 ), ( -8.96 0.21 )]
[( -8.96 0.21 ), ( -12.6 0.33 ), ( -10.68 -0.65 )]
[( -7.06 -3.67 ), ( -7.68 1.73 ), ( -8.96 0.21 )]
[( -8.96 0.21 ), ( -10.68 -0.65 ), ( -7.06 -3.67 )]
s =  ( -12.74 -4.05 )   d =  ( -10.68 -0.65 ) ( -12.6 0.33 )


DIAGONAL =  ( -12.6 0.33 ) ( -10.68 -0.65 ) ::::: vertice oposto =  ( -8.96 0.21 )
FUNIL:  [( -12.6 0.33 ), ( -12.74 -4.05 ), ( -10.68 -0.65 )] apice =  ( -12.74 -4.05 )
3  v =  ( -10.68 -0.65 )




DIAGONAL =  ( -8.96 0.21 ) ( -10.68 -0.65 ) ::::: vertice oposto =  ( -7.06 -3.67 )
FUNIL:  [( -8.96 0.21 ), ( -10.68 -0.65 )] apice =  ( -10.68 -0.65 )
AAAAAAAA


DIAGONAL =  ( -8.96 0.21 ) ( -7.06 -3.67 ) ::::: vertice oposto =  ( -7.68 1.73 )
FUNIL:  [( -8.96 0.21 ), ( -10.68 -0.65 ), ( -7.06 -3.67 )] apice =  ( -10.68 -0.65 )
2  v =  ( -8.96 0.21 )




DIAGONAL =  ( -8.96 0.21 ) ( -7.68 1.73 ) ::::: vertice oposto =  ( -9.08 3.53 )
FUNIL:  [( -8.96 0.21 ), ( -7.68 1.73 )] apice =  ( -8.96 0.21 )
BBBBBB


DIAGONAL =  ( -9.08 3.53 ) ( -7.68 1.73 ) ::::: vertice oposto =  ( -1.98 3.37 )
FUNIL:  [( -9.08 3.53 ), ( -8.96 0.21 ), ( -7.68 1.73 )] apice =  ( -8.96 0.21 )
3  v =  ( -7.68 1.73 )




DIAGONAL =  ( -1.98 3.37 ) ( -7.68 1.73 ) ::::: vertice oposto =  ( -4.64 -2.93 )
FUNIL:  [( -1.98 3.37 ), ( -7.68 1.73 )] apice =  ( -7.68 1.73 )
AAAAAAAA








DIAGONAL =  ( -7.06 -3.67 ) ( -10.68 -0.65 ) ::::: vertice oposto =  ( -10.3 -4.33 )
FUNIL:  [( -7.06 -3.67 ), ( -10.68 -0.65 )] apice =  ( -10.68 -0.65 )
AAAAAAAA




FACE ORIGINAL:
[( -10.68 -0.65 ), ( -10.3 -4.33 ), ( -7.06 -3.67 ), ( -7.68 1.73 ), ( -4.64 -2.93 ), ( -1.98 3.37 ), ( -9.08 3.53 ), ( -8.96 0.21 ), ( -12.6 0.33 ), ( -12.74 -4.05 )]

##################################################
a  ( -12.74 -4.05 )  b  ( -10.68 -0.65 )
[( -12.74 -4.05 ), ( -10.68 -0.65 )]

##################################################
a  ( -10.68 -0.65 )  b  ( -10.3 -4.33 )
[( -10.68 -0.65 ), ( -10.3 -4.33 )]

##################################################
a  ( -10.3 -4.33 )  b  ( -7.06 -3.67 )
[( -10.3 -4.33 ), ( -10.68 -0.65 ), ( -7.06 -3.67 )]

-7.06 -3.67
Inseri4  ( -10.68 -0.65 ) ( -7.06 -3.67 )
faces antes: 
[( -10.68 -0.65 ), ( -10.3 -4.33 ), ( -7.06 -3.67 ), ( -7.68 1.73 ), ( -4.64 -2.93 ), ( -1.98 3.37 ), ( -9.08 3.53 ), ( -8.96 0.21 ), ( -12.6 0.33 ), ( -12.74 -4.05 )]

faces depois: 
[( -7.06 -3.67 ), ( -7.68 1.73 ), ( -4.64 -2.93 ), ( -1.98 3.37 ), ( -9.08 3.53 ), ( -8.96 0.21 ), ( -12.6 0.33 ), ( -12.74 -4.05 ), ( -10.68 -0.65 )]
[( -10.68 -0.65 ), ( -10.3 -4.33 ), ( -7.06 -3.67 )]

##################################################
##################################################
a  ( -7.06 -3.67 )  b  ( -7.68 1.73 )
[( -7.06 -3.67 ), ( -10.68 -0.65 ), ( -8.96 0.21 ), ( -7.68 1.73 )]

-7.584448336252189 0.8977758318739006


e =  ( -7.06 -3.67 ) ( -7.68 1.73 )  x =  ( -7.584448336252189 0.8977758318739006 )
e1 =  ( -10.68 -0.65 ) ( -7.06 -3.67 )
e2 =  ( -7.68 1.73 ) ( -4.64 -2.93 )
e3 =  ( -4.64 -2.93 ) ( -7.68 1.73 )
e4 =  ( -7.06 -3.67 ) ( -10.3 -4.33 )


Inseri2  ( -8.96 0.21 ) ( -7.584448336252189 0.8977758318739006 )
faces antes: 
[( -10.68 -0.65 ), ( -10.3 -4.33 ), ( -7.06 -3.67 )]
[( -7.06 -3.67 ), ( -7.584448336252189 0.8977758318739006 ), ( -7.68 1.73 ), ( -4.64 -2.93 ), ( -1.98 3.37 ), ( -9.08 3.53 ), ( -8.96 0.21 ), ( -12.6 0.33 ), ( -12.74 -4.05 ), ( -10.68 -0.65 )]

faces depois: 
[( -10.68 -0.65 ), ( -10.3 -4.33 ), ( -7.06 -3.67 )]
[( -7.584448336252189 0.8977758318739006 ), ( -7.68 1.73 ), ( -4.64 -2.93 ), ( -1.98 3.37 ), ( -9.08 3.53 ), ( -8.96 0.21 )]
[( -8.96 0.21 ), ( -12.6 0.33 ), ( -12.74 -4.05 ), ( -10.68 -0.65 ), ( -7.06 -3.67 ), ( -7.584448336252189 0.8977758318739006 )]

-7.68 1.73
Inseri4  ( -8.96 0.21 ) ( -7.68 1.73 )
faces antes: 
[( -10.68 -0.65 ), ( -10.3 -4.33 ), ( -7.06 -3.67 )]
[( -7.584448336252189 0.8977758318739006 ), ( -7.68 1.73 ), ( -4.64 -2.93 ), ( -1.98 3.37 ), ( -9.08 3.53 ), ( -8.96 0.21 )]
[( -8.96 0.21 ), ( -12.6 0.33 ), ( -12.74 -4.05 ), ( -10.68 -0.65 ), ( -7.06 -3.67 ), ( -7.584448336252189 0.8977758318739006 )]

faces depois: 
[( -10.68 -0.65 ), ( -10.3 -4.33 ), ( -7.06 -3.67 )]
[( -8.96 0.21 ), ( -12.6 0.33 ), ( -12.74 -4.05 ), ( -10.68 -0.65 ), ( -7.06 -3.67 ), ( -7.584448336252189 0.8977758318739006 )]
[( -7.68 1.73 ), ( -4.64 -2.93 ), ( -1.98 3.37 ), ( -9.08 3.53 ), ( -8.96 0.21 )]
[( -8.96 0.21 ), ( -7.584448336252189 0.8977758318739006 ), ( -7.68 1.73 )]

##################################################
##################################################
a  ( -7.68 1.73 )  b  ( -4.64 -2.93 )
[( -7.68 1.73 ), ( -4.64 -2.93 )]

##################################################
a  ( -4.64 -2.93 )  b  ( -1.98 3.37 )
[( -4.64 -2.93 ), ( -7.68 1.73 ), ( -1.98 3.37 )]

-1.98 3.37
Inseri4  ( -7.68 1.73 ) ( -1.98 3.37 )
faces antes: 
[( -10.68 -0.65 ), ( -10.3 -4.33 ), ( -7.06 -3.67 )]
[( -8.96 0.21 ), ( -12.6 0.33 ), ( -12.74 -4.05 ), ( -10.68 -0.65 ), ( -7.06 -3.67 ), ( -7.584448336252189 0.8977758318739006 )]
[( -7.68 1.73 ), ( -4.64 -2.93 ), ( -1.98 3.37 ), ( -9.08 3.53 ), ( -8.96 0.21 )]
[( -8.96 0.21 ), ( -7.584448336252189 0.8977758318739006 ), ( -7.68 1.73 )]

faces depois: 
[( -10.68 -0.65 ), ( -10.3 -4.33 ), ( -7.06 -3.67 )]
[( -8.96 0.21 ), ( -12.6 0.33 ), ( -12.74 -4.05 ), ( -10.68 -0.65 ), ( -7.06 -3.67 ), ( -7.584448336252189 0.8977758318739006 )]
[( -8.96 0.21 ), ( -7.584448336252189 0.8977758318739006 ), ( -7.68 1.73 )]
[( -1.98 3.37 ), ( -9.08 3.53 ), ( -8.96 0.21 ), ( -7.68 1.73 )]
[( -7.68 1.73 ), ( -4.64 -2.93 ), ( -1.98 3.37 )]

##################################################
##################################################
a  ( -1.98 3.37 )  b  ( -9.08 3.53 )
[( -1.98 3.37 ), ( -7.68 1.73 ), ( -8.96 0.21 ), ( -9.08 3.53 )]

-6.218513021970026 3.465515786410592


e =  ( -1.98 3.37 ) ( -9.08 3.53 )  x =  ( -6.218513021970026 3.465515786410592 )
e1 =  ( -7.68 1.73 ) ( -1.98 3.37 )
e2 =  ( -9.08 3.53 ) ( -8.96 0.21 )
e3 =  ( -8.96 0.21 ) ( -9.08 3.53 )
e4 =  ( -1.98 3.37 ) ( -4.64 -2.93 )


Inseri1  ( -7.68 1.73 ) ( -6.218513021970026 3.465515786410592 )
faces antes: 
[( -10.68 -0.65 ), ( -10.3 -4.33 ), ( -7.06 -3.67 )]
[( -8.96 0.21 ), ( -12.6 0.33 ), ( -12.74 -4.05 ), ( -10.68 -0.65 ), ( -7.06 -3.67 ), ( -7.584448336252189 0.8977758318739006 )]
[( -8.96 0.21 ), ( -7.584448336252189 0.8977758318739006 ), ( -7.68 1.73 )]
[( -7.68 1.73 ), ( -4.64 -2.93 ), ( -1.98 3.37 )]
[( -1.98 3.37 ), ( -6.218513021970026 3.465515786410592 ), ( -9.08 3.53 ), ( -8.96 0.21 ), ( -7.68 1.73 )]

faces depois: 
[( -10.68 -0.65 ), ( -10.3 -4.33 ), ( -7.06 -3.67 )]
[( -8.96 0.21 ), ( -12.6 0.33 ), ( -12.74 -4.05 ), ( -10.68 -0.65 ), ( -7.06 -3.67 ), ( -7.584448336252189 0.8977758318739006 )]
[( -8.96 0.21 ), ( -7.584448336252189 0.8977758318739006 ), ( -7.68 1.73 )]
[( -7.68 1.73 ), ( -4.64 -2.93 ), ( -1.98 3.37 )]
[( -6.218513021970026 3.465515786410592 ), ( -9.08 3.53 ), ( -8.96 0.21 ), ( -7.68 1.73 )]
[( -7.68 1.73 ), ( -1.98 3.37 ), ( -6.218513021970026 3.465515786410592 )]

-9.08 3.53
##################################################
##################################################
a  ( -9.08 3.53 )  b  ( -8.96 0.21 )
[( -9.08 3.53 ), ( -8.96 0.21 )]

##################################################
a  ( -8.96 0.21 )  b  ( -12.6 0.33 )
[( -8.96 0.21 ), ( -10.68 -0.65 ), ( -12.74 -4.05 ), ( -12.6 0.33 )]

-10.13546232334115 0.24875150516509284


e =  ( -8.96 0.21 ) ( -12.6 0.33 )  x =  ( -10.13546232334115 0.24875150516509284 )
e1 =  ( -7.584448336252189 0.8977758318739006 ) ( -8.96 0.21 )
e2 =  ( -12.6 0.33 ) ( -12.74 -4.05 )
e3 =  ( -12.74 -4.05 ) ( -12.6 0.33 )
e4 =  ( -8.96 0.21 ) ( -9.08 3.53 )


Inseri1  ( -10.68 -0.65 ) ( -10.13546232334115 0.24875150516509284 )
faces antes: 
[( -10.68 -0.65 ), ( -10.3 -4.33 ), ( -7.06 -3.67 )]
[( -8.96 0.21 ), ( -7.584448336252189 0.8977758318739006 ), ( -7.68 1.73 )]
[( -7.68 1.73 ), ( -4.64 -2.93 ), ( -1.98 3.37 )]
[( -6.218513021970026 3.465515786410592 ), ( -9.08 3.53 ), ( -8.96 0.21 ), ( -7.68 1.73 )]
[( -7.68 1.73 ), ( -1.98 3.37 ), ( -6.218513021970026 3.465515786410592 )]
[( -8.96 0.21 ), ( -10.13546232334115 0.24875150516509284 ), ( -12.6 0.33 ), ( -12.74 -4.05 ), ( -10.68 -0.65 ), ( -7.06 -3.67 ), ( -7.584448336252189 0.8977758318739006 )]

faces depois: 
[( -10.68 -0.65 ), ( -10.3 -4.33 ), ( -7.06 -3.67 )]
[( -8.96 0.21 ), ( -7.584448336252189 0.8977758318739006 ), ( -7.68 1.73 )]
[( -7.68 1.73 ), ( -4.64 -2.93 ), ( -1.98 3.37 )]
[( -6.218513021970026 3.465515786410592 ), ( -9.08 3.53 ), ( -8.96 0.21 ), ( -7.68 1.73 )]
[( -7.68 1.73 ), ( -1.98 3.37 ), ( -6.218513021970026 3.465515786410592 )]
[( -10.13546232334115 0.24875150516509284 ), ( -12.6 0.33 ), ( -12.74 -4.05 ), ( -10.68 -0.65 )]
[( -10.68 -0.65 ), ( -7.06 -3.67 ), ( -7.584448336252189 0.8977758318739006 ), ( -8.96 0.21 ), ( -10.13546232334115 0.24875150516509284 )]

-12.6 0.33
##################################################
##################################################
a  ( -12.6 0.33 )  b  ( -12.74 -4.05 )
[( -12.6 0.33 ), ( -12.74 -4.05 )]

face =  [( -10.68 -0.65 ), ( -10.3 -4.33 ), ( -7.06 -3.67 )]
face =  [( -8.96 0.21 ), ( -7.584448336252189 0.8977758318739006 ), ( -7.68 1.73 )]
face =  [( -7.68 1.73 ), ( -4.64 -2.93 ), ( -1.98 3.37 )]
face =  [( -6.218513021970026 3.465515786410592 ), ( -9.08 3.53 ), ( -8.96 0.21 ), ( -7.68 1.73 )]
face =  [( -7.68 1.73 ), ( -1.98 3.37 ), ( -6.218513021970026 3.465515786410592 )]
face =  [( -10.13546232334115 0.24875150516509284 ), ( -12.6 0.33 ), ( -12.74 -4.05 ), ( -10.68 -0.65 )]
face =  [( -10.68 -0.65 ), ( -7.06 -3.67 ), ( -7.584448336252189 0.8977758318739006 ), ( -8.96 0.21 ), ( -10.13546232334115 0.24875150516509284 )]
